pop1	pop2	chromosome	window_pos_1	window_pos_2	avg_wc_fst	no_snps
bv	uv	1	1	1501	0.024315230190941	1079
bv	uv	1	1501	3107	0.0235352821184716	1145
bv	uv	1	3107	4659	0.0267442767056236	1115
bv	uv	1	4659	6178	0.0276151896387756	1114
bv	uv	1	6178	7767	0.0251318851331215	1128
bv	uv	1	7767	9272	0.0339053135030948	1147
bv	uv	1	9272	10807	0.028347218577801	1088
bv	uv	1	10807	12356	0.0278129036573181	1066
bv	uv	1	12356	13887	0.0362396092243779	1096
bv	uv	1	13887	15429	0.0260914347043345	1079
bv	uv	1	15429	16948	0.0237570702582867	1127
bv	uv	1	16948	18474	0.0185477945231162	1070
bv	uv	1	18474	20003	0.0287210255473099	1135
bv	uv	1	20003	21600	0.024291134747593	1162
bv	uv	1	21600	23175	0.0289604971722254	1088
bv	uv	1	23175	24693	0.0240482681715002	1118
bv	uv	1	24693	26217	0.0223034991188672	1100
bv	uv	1	26217	27705	0.023724901504723	1092
bv	uv	1	27705	29233	0.0293391219283459	1109
bv	uv	1	29233	30748	0.0259998358822865	1133
bv	uv	1	30748	32285	0.030892796954478	1076
bv	uv	1	32285	33831	0.028735667637237	1083
bv	uv	1	33831	35407	0.0260629381592487	1087
bv	uv	1	35407	36931	0.0192668852011199	1124
bv	uv	1	36931	38460	0.0252809107332804	1089
bv	uv	1	38460	40047	0.0182186129534239	1104
bv	uv	1	40047	41553	0.0255271631868702	1101
bv	uv	1	41553	43126	0.0271649591120716	1131
bv	uv	1	43126	44639	0.0242286511888183	1143
bv	uv	1	44639	46223	0.0182334638064903	1097
bv	uv	1	46223	47734	0.0209268889528473	1128
bv	uv	1	47734	49281	0.0256833153648121	1133
bv	uv	1	49281	50814	0.0274009682174934	1118
bv	uv	1	50814	52337	0.0214336389434621	1115
bv	uv	1	52337	53873	0.0201814938182811	1109
bv	uv	1	53873	55396	0.028156387816252	1082
bv	uv	1	55396	56922	0.0222941345521685	1134
bv	uv	1	56922	58482	0.0261042269778055	1114
bv	uv	1	58482	60037	0.0230417889570585	1085
bv	uv	1	60037	61511	0.0275974556973809	1125
bv	uv	1	61511	63003	0.0199056139408816	1120
bv	uv	1	63003	64562	0.0219739575822638	1103
bv	uv	1	64562	66147	0.0271227556619079	1104
bv	uv	1	66147	67712	0.021281239481656	1112
bv	uv	1	67712	69211	0.020187362162829	1161
bv	uv	1	69211	70786	0.0251556465094829	1126
bv	uv	1	70786	72323	0.0259031631833099	1138
bv	uv	1	72323	73890	0.027013675651086	1140
bv	uv	1	73890	75469	0.0247487239656623	1106
bv	uv	1	75469	76997	0.0259683232785989	1173
bv	uv	1	76997	78553	0.0266786192972299	1121
bv	uv	1	78553	80065	0.0263892572718802	1121
bv	uv	1	80065	81580	0.0204384463228011	1090
bv	uv	1	81580	83112	0.0202656038062917	1141
bv	uv	1	83112	84623	0.0242268518518518	1078
bv	uv	1	84623	86140	0.0312230433671132	1143
bv	uv	1	86140	87623	0.025009011676558	1106
bv	uv	1	87623	89201	0.0232997308319848	1131
bv	uv	1	89201	90743	0.0260165277900067	1114
bv	uv	1	90743	92267	0.0239394803805112	1064
bv	uv	1	92267	93758	0.0249919729039334	1067
bv	uv	1	93758	95292	0.0254065676581424	1114
bv	uv	1	95292	96821	0.0247821382983058	1131
bv	uv	1	96821	98366	0.0212392674807859	1107
bv	uv	1	98366	99915	0.0268643105913505	1132
bv	uv	1	99915	101398	0.0259484080973262	1140
bv	uv	1	101398	102928	0.0181588100697893	1143
bv	uv	1	102928	104455	0.0228808799014278	1051
bv	uv	1	104455	106006	0.022221989397146	1094
bv	uv	1	106006	107549	0.0285424039847948	1112
bv	uv	1	107549	109081	0.0253286364723737	1150
bv	uv	1	109081	110603	0.0252024648704874	1120
bv	uv	1	110603	112102	0.0280074131708055	1096
bv	uv	1	112102	113616	0.0221740702378393	1131
bv	uv	1	113616	115134	0.0258204876948162	1097
bv	uv	1	115134	116673	0.0209819335523121	1128
bv	uv	1	116673	118217	0.0303861262835301	1077
bv	uv	1	118217	119756	0.0227685198997023	1093
bv	uv	1	119756	121229	0.0292764844391077	1124
bv	uv	1	121229	122749	0.0254645805833786	1093
bv	uv	1	122749	124217	0.0285780162240425	1158
bv	uv	1	124217	125775	0.0341331407095673	1109
bv	uv	1	125775	127260	0.0267548296909501	1102
bv	uv	1	127260	128784	0.0282641823070057	1104
bv	uv	1	128784	130300	0.023945854852085	1108
bv	uv	1	130300	131807	0.0279062604267515	1112
bv	uv	1	131807	133366	0.0329526789154669	1079
bv	uv	1	133366	134900	0.0284556845765269	1113
bv	uv	1	134900	136450	0.030614093883864	1108
bv	uv	1	136450	137950	0.0224686128406655	1127
bv	uv	1	137950	139505	0.0288259225800853	1150
bv	uv	1	139505	140992	0.0298895454763388	1084
bv	uv	1	140992	142499	0.0297174818488266	1150
bv	uv	1	142499	144002	0.0278227082583605	1123
bv	uv	1	144002	145509	0.0254310293610903	1107
bv	uv	1	145509	147027	0.0317607389020436	1139
bv	uv	1	147027	148505	0.0234435031985877	1098
bv	uv	1	148505	150047	0.0237203291319027	1114
bv	uv	1	150047	151616	0.0230126548944843	1134
bv	uv	1	151616	153160	0.024969926419755	1092
bv	uv	1	153160	154665	0.0240200529157046	1121
bv	uv	1	154665	156194	0.0209986339705099	1100
bv	uv	1	156194	157728	0.0284676186966645	1121
bv	uv	1	157728	159233	0.0269882658794105	1051
bv	uv	1	159233	160779	0.0227861888417152	1179
bv	uv	1	160779	162328	0.0236576716370653	1126
bv	uv	1	162328	163854	0.0246698167592345	1144
bv	uv	1	163854	165365	0.0245268689384505	1170
bv	uv	1	165365	166898	0.0250786514705058	1107
bv	uv	1	166898	168474	0.0248910880784192	1102
bv	uv	1	168474	169985	0.0286242217809008	1079
bv	uv	1	169985	171523	0.0248174010435742	1138
bv	uv	1	171523	173109	0.0311141279677978	1040
bv	uv	1	173109	174625	0.0280765577991943	1153
bv	uv	1	174625	176162	0.0312434049940868	1101
bv	uv	1	176162	177668	0.0234235010920204	1099
bv	uv	1	177668	179174	0.0246032572652915	1133
bv	uv	1	179174	180725	0.0238130859764611	1102
bv	uv	1	180725	182263	0.018970101558752	1124
bv	uv	1	182263	183799	0.0201932449393793	1106
bv	uv	1	183799	185338	0.0265559220199279	1077
bv	uv	1	185338	186873	0.025850754359958	1123
bv	uv	1	186873	188384	0.0292321810152093	1125
bv	uv	1	188384	189890	0.0231246867337459	1154
bv	uv	1	189890	191438	0.0244956938619398	1155
bv	uv	1	191438	192957	0.0276582520558424	1102
bv	uv	1	192957	194502	0.0242302949229772	1119
bv	uv	1	194502	196008	0.0316326017547829	1095
bv	uv	1	196008	197561	0.0237369505759081	1136
bv	uv	1	197561	199106	0.0223427487307901	1132
bv	uv	1	199106	200609	0.0242244481709008	1106
bv	uv	1	200609	202146	0.0249029673531289	1084
bv	uv	1	202146	203753	0.021610300689579	1158
bv	uv	1	203753	205281	0.0235699062775405	1084
bv	uv	1	205281	206793	0.0219157431496549	1153
bv	uv	1	206793	208355	0.0192095368925999	1092
bv	uv	1	208355	209896	0.0254913543535701	1101
bv	uv	1	209896	211394	0.0240417204502678	1163
bv	uv	1	211394	212909	0.0217164997664073	1139
bv	uv	1	212909	214437	0.0250362037240014	1132
bv	uv	1	214437	215944	0.0250576743729445	1079
bv	uv	1	215944	217455	0.0256111651899316	1155
bv	uv	1	217455	218990	0.0222696233358517	1145
bv	uv	1	218990	220513	0.0207991098716381	1150
bv	uv	1	220513	222067	0.0246210247175001	1148
bv	uv	1	222067	223604	0.0253444750826617	1147
bv	uv	1	223604	225162	0.0209200218797007	1125
bv	uv	1	225162	226689	0.0257034787551331	1179
bv	uv	1	226689	228196	0.0216778981164202	1113
bv	uv	1	228196	229715	0.0228928460350344	1122
bv	uv	1	229715	231262	0.020475023310346	1107
bv	uv	1	231262	232812	0.0232896293375394	1143
bv	uv	1	232812	234375	0.0200689992932686	1117
bv	uv	1	234375	235921	0.0201953876833496	1111
bv	uv	1	235921	237461	0.0216463695912907	1137
bv	uv	1	237461	239079	0.0244986417385746	1088
bv	uv	1	239079	240589	0.0204558768552455	1163
bv	uv	1	240589	242106	0.0274235724582872	1128
bv	uv	1	242106	243626	0.0263093711869457	1121
bv	uv	1	243626	245164	0.0317875787854676	1131
bv	uv	1	245164	246705	0.0245176253987224	1105
bv	uv	1	246705	248240	0.0264738851168576	1161
bv	uv	1	248240	249769	0.0252595250808807	1134
bv	uv	1	249769	251381	0.0223166764044404	1094
bv	uv	1	251381	252951	0.0274743828112623	1113
bv	uv	1	252951	254486	0.0246484988602053	1079
bv	uv	1	254486	256044	0.0198586697006187	1113
bv	uv	1	256044	257579	0.0234620213433772	1061
bv	uv	1	257579	259142	0.0240854631581599	1051
bv	uv	1	259142	260661	0.0267062766013924	1113
bv	uv	1	260661	262270	0.0213830769686982	1095
bv	uv	1	262270	263809	0.0231344500016506	1096
bv	uv	1	263809	265329	0.0230813312969532	1133
bv	uv	1	265329	266871	0.0202409543975185	1094
bv	uv	1	266871	268399	0.0220777474502234	1110
bv	uv	1	268399	269911	0.01858914744021	1128
bv	uv	1	269911	271412	0.0287198743405042	1070
bv	uv	1	271412	272941	0.0243556231291355	1106
bv	uv	1	272941	274535	0.0293987290290432	1161
bv	uv	1	274535	276080	0.0219802305674354	1136
bv	uv	1	276080	277631	0.0253433234785006	1144
bv	uv	1	277631	279226	0.0310618444087278	1133
bv	uv	1	279226	280729	0.0227740656917139	1107
bv	uv	1	280729	282249	0.0258324603435734	1144
bv	uv	1	282249	283797	0.0297013160093198	1128
bv	uv	1	283797	285339	0.0248133149103261	1055
bv	uv	1	285339	286861	0.02493141774848	1124
bv	uv	1	286861	288366	0.0269440066728422	1076
bv	uv	1	288366	289894	0.0263625895771178	1109
bv	uv	1	289894	291446	0.0231914251434611	1134
bv	uv	1	291446	292985	0.024072131934471	1104
bv	uv	1	292985	294493	0.0246701672090613	1121
bv	uv	1	294493	295988	0.0254555795066775	1136
bv	uv	1	295988	297509	0.0256204757681532	1100
bv	uv	1	297509	299025	0.0254420991830136	1107
bv	uv	1	299025	300587	0.020996784090957	1064
bv	uv	1	300587	302137	0.0227946918804338	1101
bv	uv	1	302137	303644	0.023534256313624	1106
bv	uv	1	303644	305118	0.0235276734115549	1105
bv	uv	1	305118	306657	0.0234179958217993	1137
bv	uv	1	306657	308236	0.0193266036705592	1143
bv	uv	1	308236	309782	0.024834215038528	1162
bv	uv	1	309782	311304	0.0273716858967295	1136
bv	uv	1	311304	312848	0.0240757268342136	1102
bv	uv	1	312848	314399	0.0255616396805568	1113
bv	uv	1	314399	315907	0.0211266714360128	1119
bv	uv	1	315907	317424	0.0208267312178564	1116
bv	uv	1	317424	318927	0.0212071712789904	1115
bv	uv	1	318927	320473	0.0203761625790222	1123
bv	uv	1	320473	322043	0.0205841203556643	1164
bv	uv	1	322043	323562	0.0250389720194111	1073
bv	uv	1	323562	325057	0.0275994420071889	1109
bv	uv	1	325057	326620	0.0227744157722463	1145
bv	uv	1	326620	328133	0.0206107744528435	1116
bv	uv	1	328133	329666	0.0262714900158187	1178
bv	uv	1	329666	331208	0.0184903378345882	1134
bv	uv	1	331208	332733	0.0237805329787465	1149
bv	uv	1	332733	334261	0.0217975326776169	1117
bv	uv	1	334261	335815	0.0217711441733155	1081
bv	uv	1	335815	337328	0.0250147254740977	1093
bv	uv	1	337328	338849	0.0223746070932318	1110
bv	uv	1	338849	340369	0.019816043305969	1090
bv	uv	1	340369	341877	0.0214646464646464	1068
bv	uv	1	341877	343390	0.0265229143266268	1151
bv	uv	1	343390	344866	0.0267436442501656	1158
bv	uv	1	344866	346409	0.019646234834245	1092
bv	uv	1	346409	347950	0.0215609581926772	1143
bv	uv	1	347950	349455	0.0224467630957761	1097
bv	uv	1	349455	350999	0.0257924499193012	1092
bv	uv	1	350999	352532	0.0325922840121884	1120
bv	uv	1	352532	354070	0.0296788880652949	1111
bv	uv	1	354070	355572	0.0303173805473944	1127
bv	uv	1	355572	357108	0.0266352792868889	1117
bv	uv	1	357108	358652	0.0198404171285659	1121
bv	uv	1	358652	360210	0.0264241802873101	1070
bv	uv	1	360210	361767	0.0249624707573909	1065
bv	uv	1	361767	363295	0.0223111994139643	1077
bv	uv	1	363295	364835	0.0246936696220126	1138
bv	uv	1	364835	366321	0.0262495053724165	1134
bv	uv	1	366321	367873	0.0214996853006808	1146
bv	uv	1	367873	369344	0.0205093591801131	1109
bv	uv	1	369344	370887	0.0237868679385313	1140
bv	uv	1	370887	372461	0.0290330603554611	1113
bv	uv	1	372461	373994	0.024530872610099	1083
bv	uv	1	373994	375496	0.0265452066626584	1059
bv	uv	1	375496	377034	0.020416683233271	1131
bv	uv	1	377034	378573	0.0282898080771037	1172
bv	uv	1	378573	380106	0.0235604335591839	1102
bv	uv	1	380106	381632	0.0214324990996782	1147
bv	uv	1	381632	383118	0.025333352166789	1104
bv	uv	1	383118	384634	0.0298187149489466	1118
bv	uv	1	384634	386122	0.0228424802995205	1120
bv	uv	1	386122	387636	0.0268196375946808	1113
bv	uv	1	387636	389183	0.0295828220185198	1143
bv	uv	1	389183	390731	0.0276461036073934	1102
bv	uv	1	390731	392251	0.0287353947318918	1105
bv	uv	1	392251	393765	0.0257290940959205	1095
bv	uv	1	393765	395286	0.0285837621428609	1155
bv	uv	1	395286	396770	0.0244974781114651	1104
bv	uv	1	396770	398265	0.0286688882257369	1165
bv	uv	1	398265	399779	0.0256870850753956	1166
bv	uv	1	399779	401296	0.0286864325876627	1093
bv	uv	1	401296	402798	0.0259255766748067	1157
bv	uv	1	402798	404316	0.0229084504668486	1112
bv	uv	1	404316	405886	0.0229231042127433	1118
bv	uv	1	405886	407407	0.0261631085290069	1090
bv	uv	1	407407	408939	0.023037651541488	1088
bv	uv	1	408939	410437	0.0246184542630498	1057
bv	uv	1	410437	412015	0.0220699000330705	1157
bv	uv	1	412015	413546	0.0225308036735627	1143
bv	uv	1	413546	415052	0.0242594221751019	1143
bv	uv	1	415052	416619	0.027163227636278	1134
bv	uv	1	416619	418142	0.0268738488079487	1125
bv	uv	1	418142	419707	0.0267206372344856	1062
bv	uv	1	419707	421223	0.0287873679973794	1108
bv	uv	1	421223	422741	0.0315505584206919	1078
bv	uv	1	422741	424353	0.0235845763988188	1086
bv	uv	1	424353	425939	0.0232825557765244	1136
bv	uv	1	425939	427450	0.0226193739281999	1085
bv	uv	1	427450	428965	0.0274653215050506	1093
bv	uv	1	428965	430450	0.0250114592188926	1136
bv	uv	1	430450	431979	0.0259391183242297	1123
bv	uv	1	431979	433526	0.0261110985086213	1157
bv	uv	1	433526	435037	0.0251198475193007	1113
bv	uv	1	435037	436601	0.0223008475319029	1095
bv	uv	1	436601	438063	0.0252286351625546	1098
bv	uv	1	438063	439585	0.022984621128728	1141
bv	uv	1	439585	441135	0.0225152123755215	1155
bv	uv	1	441135	442695	0.0191618709095012	1145
bv	uv	1	442695	444224	0.0229480763924847	1147
bv	uv	1	444224	445780	0.0221522811411747	1119
bv	uv	1	445780	447321	0.0270536920238896	1128
bv	uv	1	447321	448893	0.018815204528516	1082
bv	uv	1	448893	450391	0.0260308908781776	1112
bv	uv	1	450391	451925	0.0266142108764343	1069
bv	uv	1	451925	453396	0.0256562203061504	1067
bv	uv	1	453396	454904	0.0245326942874665	1077
bv	uv	1	454904	456444	0.0212267202122212	1101
bv	uv	1	456444	458026	0.0239109857939909	1118
bv	uv	1	458026	459567	0.0206647530230806	1061
bv	uv	1	459567	461107	0.0215084348393953	1101
bv	uv	1	461107	462658	0.0221237460985095	1151
bv	uv	1	462658	464204	0.0222752516861787	1113
bv	uv	1	464204	465766	0.0275382461550947	1155
bv	uv	1	465766	467308	0.0270794385210099	1088
bv	uv	1	467308	468861	0.0319120315180209	1101
bv	uv	1	468861	470435	0.0267395161475583	1133
bv	uv	1	470435	471941	0.0269975835735879	1154
bv	uv	1	471941	473441	0.0244115753591626	1128
bv	uv	1	473441	474965	0.0270758204053055	1148
bv	uv	1	474965	476546	0.0249785720226741	1101
bv	uv	1	476546	478112	0.0238215062849316	1111
bv	uv	1	478112	479688	0.0250867417629347	1118
bv	uv	1	479688	481156	0.0226389505511884	1049
bv	uv	1	481156	482705	0.02482002141916	1107
bv	uv	1	482705	484307	0.0260951532651809	1104
bv	uv	1	484307	485796	0.0273003918638038	1127
bv	uv	1	485796	487328	0.0242988668378978	1172
bv	uv	1	487328	488881	0.0274126597475125	1121
bv	uv	1	488881	490412	0.0230403792578408	1090
bv	uv	1	490412	491928	0.0268472565516058	1091
bv	uv	1	491928	493459	0.0248452431567865	1107
bv	uv	1	493459	495001	0.0273558771794726	1080
bv	uv	1	495001	496544	0.0197659547980398	1072
bv	uv	1	496544	498111	0.0241617591342149	1113
bv	uv	1	498111	499626	0.0276697473582652	1075
bv	uv	1	499626	501204	0.0217965524662975	1085
bv	uv	1	501204	502784	0.0166101879518468	1104
bv	uv	1	502784	504307	0.0173567444163515	1082
bv	uv	1	504307	505828	0.0213955586706685	1081
bv	uv	1	505828	507347	0.0199393046600175	1108
bv	uv	1	507347	508905	0.0210250953719165	1095
bv	uv	1	508905	510412	0.0201895735903617	1190
bv	uv	1	510412	511931	0.0218931796627219	1122
bv	uv	1	511931	513520	0.0234960784233166	1060
bv	uv	1	513520	515029	0.0196143350597452	1118
bv	uv	1	515029	516547	0.0219424441883429	1153
bv	uv	1	516547	518060	0.0205819515351571	1088
bv	uv	1	518060	519633	0.0238695835328935	1095
bv	uv	1	519633	521222	0.0257245621699324	1119
bv	uv	1	521222	522805	0.0226758208573154	1136
bv	uv	1	522805	524366	0.0198997924815466	1155
bv	uv	1	524366	525918	0.0250471685849795	1116
bv	uv	1	525918	527471	0.0244039954483181	1097
bv	uv	1	527471	528991	0.0211705371803893	1107
bv	uv	1	528991	530574	0.0220519755875242	1072
bv	uv	1	530574	532111	0.0217355785988149	1123
bv	uv	1	532111	533618	0.0260001817761179	1090
bv	uv	1	533618	535138	0.0231001299789526	1146
bv	uv	1	535138	536677	0.0278608432178312	1075
bv	uv	1	536677	538200	0.0276510215184166	1086
bv	uv	1	538200	539707	0.025264022122578	1114
bv	uv	1	539707	541260	0.0240070994755306	1119
bv	uv	1	541260	542864	0.0235166442517524	1076
bv	uv	1	542864	544366	0.0262945017367374	1123
bv	uv	1	544366	545902	0.0236884856017277	1170
bv	uv	1	545902	547446	0.0265570140003181	1131
bv	uv	1	547446	548971	0.0255724662813852	1121
bv	uv	1	548971	550419	0.027838072498372	1124
bv	uv	1	550419	551951	0.028374468984872	1112
bv	uv	1	551951	553513	0.0260944612262481	1165
bv	uv	1	553513	555098	0.0265760984712669	1102
bv	uv	1	555098	556638	0.0244384879373629	1096
bv	uv	1	556638	558188	0.025039308804107	1137
bv	uv	1	558188	559693	0.021606883836946	1134
bv	uv	1	559693	561212	0.0242929589475817	1062
bv	uv	1	561212	562728	0.0280082603036381	1033
bv	uv	1	562728	564254	0.0275382780274381	1187
bv	uv	1	564254	565787	0.0286707321950405	1094
bv	uv	1	565787	567337	0.019563100888402	1070
bv	uv	1	567337	568902	0.0246436863495714	1079
bv	uv	1	568902	570445	0.0257722559533196	1164
bv	uv	1	570445	572000	0.0248246926488084	1085
bv	uv	1	572000	573545	0.0198621524118829	1109
bv	uv	1	573545	575073	0.0213018398245502	1096
bv	uv	1	575073	576643	0.0233712941570257	1087
bv	uv	1	576643	578204	0.0252749373286657	1100
bv	uv	1	578204	579719	0.0253331069896563	1120
bv	uv	1	579719	581211	0.0251669567777377	1098
bv	uv	1	581211	582685	0.029708869187986	1140
bv	uv	1	582685	584242	0.0191674153938304	1080
bv	uv	1	584242	585754	0.0227731533973064	1099
bv	uv	1	585754	587356	0.0280385541925921	1159
bv	uv	1	587356	588931	0.0239171910740073	1186
bv	uv	1	588931	590462	0.029153924469107	1137
bv	uv	1	590462	591981	0.0223867583787404	1101
bv	uv	1	591981	593525	0.0285601317243321	1097
bv	uv	1	593525	595089	0.0245752535294578	1078
bv	uv	1	595089	596633	0.0296492871162166	1111
bv	uv	1	596633	598202	0.0223625967063234	1187
bv	uv	1	598202	599722	0.0266735890046914	1102
bv	uv	1	599722	601242	0.0252288230196172	1110
bv	uv	1	601242	602811	0.0253771020024889	1146
bv	uv	1	602811	604337	0.0219196636512956	1121
bv	uv	1	604337	605853	0.0210110299125263	1112
bv	uv	1	605853	607409	0.0249930951646883	1109
bv	uv	1	607409	608916	0.0257843394725524	1115
bv	uv	1	608916	610463	0.0235611515742071	1114
bv	uv	1	610463	612000	0.0188230000396508	1126
bv	uv	1	612000	613506	0.0276203853758464	1090
bv	uv	1	613506	614999	0.0255515009314499	1144
bv	uv	1	614999	616560	0.0309830044575533	1160
bv	uv	1	616560	618082	0.0206118407337919	1059
bv	uv	1	618082	619598	0.0264955995858098	1108
bv	uv	1	619598	621126	0.0269630361437755	1149
bv	uv	1	621126	622618	0.0234425987709433	1116
bv	uv	1	622618	624154	0.023538124678001	1086
bv	uv	1	624154	625677	0.0241725585534798	1112
bv	uv	1	625677	627201	0.0271531626552915	1106
bv	uv	1	627201	628735	0.0276060397960182	1082
bv	uv	1	628735	630264	0.0212463937046414	1142
bv	uv	1	630264	631756	0.0216860265676995	1080
bv	uv	1	631756	633283	0.0252127827813814	1126
bv	uv	1	633283	634810	0.0229807452605087	1117
bv	uv	1	634810	636375	0.0252954790656474	1099
bv	uv	1	636375	637896	0.0192766948512262	1136
bv	uv	1	637896	639495	0.0241272967158669	1120
bv	uv	1	639495	641023	0.0242096576270433	1114
bv	uv	1	641023	642523	0.0243159057629955	1116
bv	uv	1	642523	644056	0.0255717383145824	1107
bv	uv	1	644056	645538	0.0224581374949267	1075
bv	uv	1	645538	647047	0.0234936210562611	1068
bv	uv	1	647047	648624	0.0310538659588083	1087
bv	uv	1	648624	650154	0.0252812036601685	1164
bv	uv	1	650154	651651	0.0207793940192605	1142
bv	uv	1	651651	653156	0.0258155351797685	1124
bv	uv	1	653156	654733	0.0215641646085735	1097
bv	uv	1	654733	656258	0.0257294314431627	1080
bv	uv	1	656258	657751	0.0247188490018521	1151
bv	uv	1	657751	659316	0.0259283132883856	1101
bv	uv	1	659316	660845	0.0210097535738731	1146
bv	uv	1	660845	662382	0.0272623745852231	1113
bv	uv	1	662382	663921	0.0200224758592622	1163
bv	uv	1	663921	665453	0.024163140268604	1105
bv	uv	1	665453	666980	0.0230718435311357	1140
bv	uv	1	666980	668508	0.0242641515899122	1106
bv	uv	1	668508	670044	0.0210894597044795	1093
bv	uv	1	670044	671624	0.0217247864381672	1077
bv	uv	1	671624	673142	0.0275662396277891	1087
bv	uv	1	673142	674655	0.0219226879852235	1151
bv	uv	1	674655	676179	0.02320485587231	1145
bv	uv	1	676179	677753	0.0279868804877047	1089
bv	uv	1	677753	679256	0.0246915594898185	1084
bv	uv	1	679256	680763	0.0269316324816815	1148
bv	uv	1	680763	682311	0.02470305010383	1133
bv	uv	1	682311	683873	0.031003653375039	1086
bv	uv	1	683873	685376	0.0259459787298215	1136
bv	uv	1	685376	686919	0.0250222766991885	1096
bv	uv	1	686919	688480	0.023344895170144	1153
bv	uv	1	688480	689995	0.0273720563936633	1080
bv	uv	1	689995	691519	0.0223154208903104	1152
bv	uv	1	691519	693071	0.027781883601995	1080
bv	uv	1	693071	694596	0.0272986390470543	1139
bv	uv	1	694596	696119	0.0269663503218431	1170
bv	uv	1	696119	697655	0.0252972074940933	1101
bv	uv	1	697655	699194	0.0213059776364238	1162
bv	uv	1	699194	700701	0.0257011311152644	1106
bv	uv	1	700701	702285	0.0208146003757557	1086
bv	uv	1	702285	703823	0.0213247552010495	1103
bv	uv	1	703823	705354	0.0222465931163379	1140
bv	uv	1	705354	706929	0.0267456050536687	1160
bv	uv	1	706929	708478	0.0260523307564351	1106
bv	uv	1	708478	709972	0.0230985904678943	1114
bv	uv	1	709972	711499	0.0282894254534791	1117
bv	uv	1	711499	713028	0.0245618131309519	1108
bv	uv	1	713028	714578	0.0268168485509076	1097
bv	uv	1	714578	716137	0.0294136474203047	1092
bv	uv	1	716137	717639	0.0247777252460781	1132
bv	uv	1	717639	719155	0.0241798886418065	1115
bv	uv	1	719155	720676	0.024568783115429	1056
bv	uv	1	720676	722155	0.0271024565495448	1152
bv	uv	1	722155	723656	0.0232585649296613	1112
bv	uv	1	723656	725186	0.0286103035828171	1117
bv	uv	1	725186	726705	0.0259792953314954	1118
bv	uv	1	726705	728236	0.0276466306667846	1094
bv	uv	1	728236	729762	0.0278100996807487	1139
bv	uv	1	729762	731300	0.026142128669614	1111
bv	uv	1	731300	732836	0.0203842485667648	1145
bv	uv	1	732836	734410	0.0229829357026347	1155
bv	uv	1	734410	735985	0.0263394022448446	1138
bv	uv	1	735985	737483	0.0233298624358811	1147
bv	uv	1	737483	739036	0.0227098088579502	1118
bv	uv	1	739036	740560	0.0222694651441975	1072
bv	uv	1	740560	742040	0.0261275857554333	1129
bv	uv	1	742040	743587	0.0245596279262514	1166
bv	uv	1	743587	745122	0.0225671316250032	1131
bv	uv	1	745122	746636	0.0277125176284319	1144
bv	uv	1	746636	748167	0.0225867914623212	1129
bv	uv	1	748167	749686	0.0185207024894158	1135
bv	uv	1	749686	751215	0.0236798427252364	1104
bv	uv	1	751215	752782	0.0269458732194863	1091
bv	uv	1	752782	754361	0.0246179430448438	1130
bv	uv	1	754361	755890	0.0233449883932726	1125
bv	uv	1	755890	757418	0.0282228031683563	1111
bv	uv	1	757418	758972	0.0202483562909229	1084
bv	uv	1	758972	760468	0.0231234502338143	1124
bv	uv	1	760468	761968	0.0256697706308134	1144
bv	uv	1	761968	763493	0.0236076896613204	1191
bv	uv	1	763493	765124	0.0202586282325163	1107
bv	uv	1	765124	766686	0.0187760350661643	1100
bv	uv	1	766686	768217	0.0231331348323668	1118
bv	uv	1	768217	769744	0.0239711448722648	1152
bv	uv	1	769744	771313	0.0222119493077952	1071
bv	uv	1	771313	772882	0.0282292683416249	1102
bv	uv	1	772882	774449	0.0249682670803699	1121
bv	uv	1	774449	775969	0.027575340955295	1125
bv	uv	1	775969	777514	0.0311502310178667	1134
bv	uv	1	777514	779035	0.026923561765623	1095
bv	uv	1	779035	780531	0.0248993020231715	1123
bv	uv	1	780531	782071	0.0256684603078968	1128
bv	uv	1	782071	783578	0.0291124242564087	1108
bv	uv	1	783578	785111	0.0210628775563449	1115
bv	uv	1	785111	786678	0.0247012488227307	1097
bv	uv	1	786678	788214	0.0224401069554733	1082
bv	uv	1	788214	789779	0.0208589554794982	1130
bv	uv	1	789779	791296	0.0235010313776825	1102
bv	uv	1	791296	792812	0.0214478172385129	1077
bv	uv	1	792812	794369	0.0230355320731222	1090
bv	uv	1	794369	795924	0.024778927459269	1149
bv	uv	1	795924	797437	0.0308054145231138	1092
bv	uv	1	797437	798952	0.0242469724581875	1178
bv	uv	1	798952	800497	0.026283918802269	1090
bv	uv	1	800497	801987	0.0235671206508605	1116
bv	uv	1	801987	803487	0.0243804911434969	1076
bv	uv	1	803487	804971	0.0232315858160158	1102
bv	uv	1	804971	806518	0.0244139783208344	1125
bv	uv	1	806518	808026	0.0264211436451491	1154
bv	uv	1	808026	809553	0.0262204027218123	1097
bv	uv	1	809553	811083	0.0279895234744536	1126
bv	uv	1	811083	812614	0.0249176012833018	1122
bv	uv	1	812614	814155	0.0225649329343517	1148
bv	uv	1	814155	815700	0.0306828140513573	1158
bv	uv	1	815700	817245	0.0213058556224339	1107
bv	uv	1	817245	818779	0.0219494477445641	1136
bv	uv	1	818779	820317	0.0232799672953473	1122
bv	uv	1	820317	821831	0.0239801706617667	1101
bv	uv	1	821831	823362	0.0215327345935628	1124
bv	uv	1	823362	824917	0.0252672216655104	1138
bv	uv	1	824917	826505	0.0254818583851464	1112
bv	uv	1	826505	828039	0.0260838778245481	1089
bv	uv	1	828039	829581	0.0235393532010184	1138
bv	uv	1	829581	831083	0.0257735612866637	1119
bv	uv	1	831083	832575	0.0256709714656758	1147
bv	uv	1	832575	834089	0.0234063249835804	1131
bv	uv	1	834089	835590	0.0180637626290036	1059
bv	uv	1	835590	837070	0.024860872455221	1063
bv	uv	1	837070	838642	0.0202422520703052	1134
bv	uv	1	838642	840142	0.022425781026752	1153
bv	uv	1	840142	841665	0.0255125900594794	1148
bv	uv	1	841665	843176	0.0294324555337866	1092
bv	uv	1	843176	844731	0.0244143881293764	1094
bv	uv	1	844731	846259	0.0172668261973912	1125
bv	uv	1	846259	847766	0.0228681441911408	1128
bv	uv	1	847766	849328	0.0255293485252348	1135
bv	uv	1	849328	850862	0.0245287309513297	1170
bv	uv	1	850862	852414	0.0223090218139542	1083
bv	uv	1	852414	853919	0.0243449214146496	1107
bv	uv	1	853919	855439	0.0257099387449268	1126
bv	uv	1	855439	856969	0.0244733867950364	1133
bv	uv	1	856969	858517	0.0232582732947626	1111
bv	uv	1	858517	860031	0.0265261556095729	1086
bv	uv	1	860031	861560	0.024425838447459	1106
bv	uv	1	861560	863089	0.0325952685649283	1157
bv	uv	1	863089	864638	0.0237558043355417	1083
bv	uv	1	864638	866174	0.0271974869778052	1115
bv	uv	1	866174	867666	0.0223417066902183	1118
bv	uv	1	867666	869249	0.0269530827284641	1066
bv	uv	1	869249	870800	0.0249344256114441	1107
bv	uv	1	870800	872363	0.0271284130539963	1097
bv	uv	1	872363	873857	0.0218729443188931	1086
bv	uv	1	873857	875383	0.020989661330493	1129
bv	uv	1	875383	876957	0.0254790776054288	1054
bv	uv	1	876957	878513	0.0252880974412484	1142
bv	uv	1	878513	880069	0.0279784514191544	1097
bv	uv	1	880069	881589	0.0221744738602548	1091
bv	uv	1	881589	883110	0.0294404494536363	1110
bv	uv	1	883110	884609	0.0254524195519872	1156
bv	uv	1	884609	886176	0.0230244225777882	1092
bv	uv	1	886176	887761	0.0230884659982265	1076
bv	uv	1	887761	889297	0.0252873007170423	1126
bv	uv	1	889297	890801	0.0258833732257328	1095
bv	uv	1	890801	892321	0.0287782103235778	1070
bv	uv	1	892321	893830	0.0276274984238417	1074
bv	uv	1	893830	895394	0.0259401474153214	1186
bv	uv	1	895394	896902	0.0280421562078673	1059
bv	uv	1	896902	898392	0.0306569642070925	1154
bv	uv	1	898392	899927	0.0252023386576348	1101
bv	uv	1	899927	901424	0.0314950078584212	1119
bv	uv	1	901424	903018	0.0254072208390181	1103
bv	uv	1	903018	904560	0.0284189596855288	1078
bv	uv	1	904560	906073	0.030862207712637	1137
bv	uv	1	906073	907624	0.0273899281120771	1125
bv	uv	1	907624	909118	0.0232327722801493	1138
bv	uv	1	909118	910650	0.0230423560745902	1144
bv	uv	1	910650	912197	0.0268064325190887	1100
bv	uv	1	912197	913745	0.0272362547324405	1172
bv	uv	1	913745	915268	0.0305873355897874	1144
bv	uv	1	915268	916873	0.0287543943490917	1121
bv	uv	1	916873	918377	0.0306530214424951	1192
bv	uv	1	918377	919912	0.0266975220385787	1123
bv	uv	1	919912	921417	0.0280222861204024	1105
bv	uv	1	921417	923014	0.0259941875327783	1173
bv	uv	1	923014	924479	0.0255445429330643	1158
bv	uv	1	924479	926035	0.0219424536034805	1075
bv	uv	1	926035	927595	0.0256368718009137	1128
bv	uv	1	927595	929137	0.0267494836960906	1126
bv	uv	1	929137	930651	0.0304637385785933	1159
bv	uv	1	930651	932163	0.0293619690115946	1135
bv	uv	1	932163	933690	0.0289855826242536	1103
bv	uv	1	933690	935207	0.0255107771230357	1144
bv	uv	1	935207	936745	0.0236595111784503	1066
bv	uv	1	936745	938258	0.0284085395950843	1092
bv	uv	1	938258	939763	0.0249341505765923	1102
bv	uv	1	939763	941296	0.0302304451020646	1097
bv	uv	1	941296	942803	0.024725482745613	1125
bv	uv	1	942803	944352	0.0248897579568655	1090
bv	uv	1	944352	945900	0.0253733964994295	1083
bv	uv	1	945900	947386	0.0219799097878605	1117
bv	uv	1	947386	948950	0.0254176481067278	1147
bv	uv	1	948950	950444	0.0230748890095055	1072
bv	uv	1	950444	951977	0.0283713318359206	1144
bv	uv	1	951977	953465	0.0273791587705772	1142
bv	uv	1	953465	955002	0.0284580424946993	1114
bv	uv	1	955002	956513	0.0283444258995968	1100
bv	uv	1	956513	958052	0.0262940633036188	1110
bv	uv	1	958052	959592	0.024553392156374	1112
bv	uv	1	959592	961092	0.0276866622931233	1128
bv	uv	1	961092	962627	0.0253559498808128	1156
bv	uv	1	962627	964145	0.0288230153807689	1160
bv	uv	1	964145	965663	0.0268712274724771	1066
bv	uv	1	965663	967212	0.024140956480383	1075
bv	uv	1	967212	968765	0.0243584102209648	1102
bv	uv	1	968765	970284	0.0264890136579233	1098
bv	uv	1	970284	971784	0.0268379255533282	1135
bv	uv	1	971784	973360	0.0253087965281255	1109
bv	uv	1	973360	974908	0.023419770039111	1135
bv	uv	1	974908	976438	0.026345064724919	1140
bv	uv	1	976438	977948	0.0269045161387541	1156
bv	uv	1	977948	979491	0.0253704146911445	1096
bv	uv	1	979491	980994	0.0306590920654814	1129
bv	uv	1	980994	982532	0.0325174091110923	1081
bv	uv	1	982532	984050	0.0299074232580383	1131
bv	uv	1	984050	985522	0.0268529940939238	1100
bv	uv	1	985522	987067	0.0287536459442897	1099
bv	uv	1	987067	988566	0.018762691087202	1101
bv	uv	1	988566	990128	0.027406205931938	1069
bv	uv	1	990128	991698	0.0254588404076382	1085
bv	uv	1	991698	993216	0.0208974221149022	1072
bv	uv	1	993216	994726	0.0278464406456712	1138
bv	uv	1	994726	996218	0.0211970665005751	1117
bv	uv	1	996218	997757	0.0267992986298621	1099
bv	uv	1	997757	999266	0.0268232499870917	1082
bv	uv	1	999266	1000794	0.0270453122647415	1133
bv	uv	1	1000794	1002370	0.0280808572820263	1123
bv	uv	1	1002370	1003911	0.0269975716082974	1094
bv	uv	1	1003911	1005434	0.0265112747894365	1081
bv	uv	1	1005434	1007012	0.0233146001132645	1075
bv	uv	1	1007012	1008571	0.029757590618707	1088
bv	uv	1	1008571	1010073	0.0246141132458037	1091
bv	uv	1	1010073	1011599	0.0245889053389334	1107
bv	uv	1	1011599	1013164	0.0282273911612638	1121
bv	uv	1	1013164	1014708	0.0288532658892069	1165
bv	uv	1	1014708	1016255	0.0295972054115514	1097
bv	uv	1	1016255	1017789	0.0247687320222611	1131
bv	uv	1	1017789	1019265	0.0226316237302335	1104
bv	uv	1	1019265	1020748	0.0268089047794855	1173
bv	uv	1	1020748	1022283	0.0252204671801362	1093
bv	uv	1	1022283	1023819	0.022563038574054	1106
bv	uv	1	1023819	1025342	0.0248894352572965	1131
bv	uv	1	1025342	1026835	0.0261320073355257	1162
bv	uv	1	1026835	1028360	0.0301390445507917	1077
bv	uv	1	1028360	1029894	0.026090152369091	1115
bv	uv	1	1029894	1031414	0.0337347087057399	1108
bv	uv	1	1031414	1032937	0.0294887666996552	1110
bv	uv	1	1032937	1034427	0.0348567369627152	1103
bv	uv	1	1034427	1035903	0.0273557784471675	1104
bv	uv	1	1035903	1037455	0.0238005313054327	1126
bv	uv	1	1037455	1038984	0.028555663400762	1112
bv	uv	1	1038984	1040555	0.0309888914751703	1084
bv	uv	1	1040555	1042050	0.0293048592966708	1125
bv	uv	1	1042050	1043639	0.0286969977272237	1091
bv	uv	1	1043639	1045153	0.0266966256172438	1111
bv	uv	1	1045153	1046694	0.0241664046273386	1108
bv	uv	1	1046694	1048225	0.0287951534032652	1117
bv	uv	1	1048225	1049799	0.0275423172630668	1070
bv	uv	1	1049799	1051348	0.0289214169474432	1081
bv	uv	1	1051348	1052952	0.0331972368512323	1122
bv	uv	1	1052952	1054514	0.0265814483978048	1084
bv	uv	1	1054514	1056047	0.0306268045978945	1113
bv	uv	1	1056047	1057637	0.0273424796309247	1091
bv	uv	1	1057637	1059207	0.023447785560061	1127
bv	uv	1	1059207	1060761	0.031525049374541	1083
bv	uv	1	1060761	1062278	0.0317500139376707	1115
bv	uv	1	1062278	1063828	0.0271750112986713	1060
bv	uv	1	1063828	1065363	0.0372292193234231	1097
bv	uv	1	1065363	1066937	0.0260205629276316	1136
bv	uv	1	1066937	1068494	0.0279711251870206	1137
bv	uv	1	1068494	1070069	0.0276307499702564	1123
bv	uv	1	1070069	1071634	0.0298064058123883	1114
bv	uv	1	1071634	1073182	0.0314551260823469	1109
bv	uv	1	1073182	1074664	0.028014850801284	1133
bv	uv	1	1074664	1076209	0.0250202247129593	1087
bv	uv	1	1076209	1077749	0.0270026263952724	1123
bv	uv	1	1077749	1079311	0.0292919470316665	1084
bv	uv	1	1079311	1080846	0.0234287960681703	1131
bv	uv	1	1080846	1082363	0.0248939290847326	1139
bv	uv	1	1082363	1083928	0.0287135662183667	1138
bv	uv	1	1083928	1085474	0.0296613955970777	1150
bv	uv	1	1085474	1086992	0.0299374937513227	1130
bv	uv	1	1086992	1088524	0.0266703163112343	1158
bv	uv	1	1088524	1090098	0.0248113935305039	1124
bv	uv	1	1090098	1091613	0.0272785651944413	1111
bv	uv	1	1091613	1093184	0.0261250922429135	1124
bv	uv	1	1093184	1094735	0.0307523996614121	1102
bv	uv	1	1094735	1096238	0.0319289595415367	1148
bv	uv	1	1096238	1097753	0.0344727792498288	1154
bv	uv	1	1097753	1099274	0.027693168375663	1114
bv	uv	1	1099274	1100766	0.0292920660798993	1170
bv	uv	1	1100766	1102286	0.0314052722768732	1109
bv	uv	1	1102286	1103834	0.0289007831643059	1118
bv	uv	1	1103834	1105333	0.031608338885577	1158
bv	uv	1	1105333	1106886	0.0320283919733161	1112
bv	uv	1	1106886	1108399	0.033030526804023	1108
bv	uv	1	1108399	1109923	0.0219791046557291	1114
bv	uv	1	1109923	1111453	0.027189422465712	1076
bv	uv	1	1111453	1112972	0.0281372556821271	1118
bv	uv	1	1112972	1114492	0.0234203323637474	1109
bv	uv	1	1114492	1115938	0.0269079545911739	1141
bv	uv	1	1115938	1117495	0.0310531150815458	1112
bv	uv	1	1117495	1119030	0.0241041765953185	1106
bv	uv	1	1119030	1120616	0.0195638011632148	1148
bv	uv	1	1120616	1122143	0.0269775045936135	1110
bv	uv	1	1122143	1123712	0.0307435558216353	1107
bv	uv	1	1123712	1125207	0.0235621206076456	1120
bv	uv	1	1125207	1126690	0.025109773011521	1114
bv	uv	1	1126690	1128258	0.02905201906688	1068
bv	uv	1	1128258	1129855	0.0286784097367227	1162
bv	uv	1	1129855	1131387	0.029492153819624	1120
bv	uv	1	1131387	1132933	0.0282383574148238	1084
bv	uv	1	1132933	1134506	0.0300608529726645	1091
bv	uv	1	1134506	1136035	0.0300513380034899	1169
bv	uv	1	1136035	1137574	0.0293926008665041	1102
bv	uv	1	1137574	1139141	0.0268749886848278	1156
bv	uv	1	1139141	1140710	0.0293689935451502	1164
bv	uv	1	1140710	1142307	0.0342121868869489	1142
bv	uv	1	1142307	1143865	0.0274601216769211	1093
bv	uv	1	1143865	1145398	0.0365664596257788	1136
bv	uv	1	1145398	1146945	0.0270545541522403	1126
bv	uv	1	1146945	1148479	0.0345713153620454	1139
bv	uv	1	1148479	1150045	0.0343272758041283	1115
bv	uv	1	1150045	1151594	0.0293573649207036	1127
bv	uv	1	1151594	1153129	0.032119763187547	1107
bv	uv	1	1153129	1154688	0.0278617290630191	1119
bv	uv	1	1154688	1156228	0.0247065388793958	1103
bv	uv	1	1156228	1157759	0.0275497878151778	1154
bv	uv	1	1157759	1159248	0.0337605509553501	1099
bv	uv	1	1159248	1160787	0.0305475883398461	1117
bv	uv	1	1160787	1162286	0.0231488552587105	1079
bv	uv	1	1162286	1163823	0.0285276500767526	1114
bv	uv	1	1163823	1165364	0.027029667524773	1139
bv	uv	1	1165364	1166891	0.0257709012596701	1095
bv	uv	1	1166891	1168417	0.0279347256691328	1132
bv	uv	1	1168417	1169972	0.0231228326084026	1141
bv	uv	1	1169972	1171525	0.0273720696938405	1154
bv	uv	1	1171525	1173047	0.0251129884156573	1104
bv	uv	1	1173047	1174575	0.027888726626198	1099
bv	uv	1	1174575	1176147	0.0284958338472502	1087
bv	uv	1	1176147	1177659	0.0246799120644346	1117
bv	uv	1	1177659	1179205	0.0251616034073348	1183
bv	uv	1	1179205	1180788	0.0254566821192321	1085
bv	uv	1	1180788	1182317	0.0244734317819084	1122
bv	uv	1	1182317	1183879	0.0279811566507157	1116
bv	uv	1	1183879	1185454	0.0281870123242174	1130
bv	uv	1	1185454	1186999	0.0210595047523084	1100
bv	uv	1	1186999	1188535	0.0257183990334527	1119
bv	uv	1	1188535	1190106	0.0247484626972894	1118
bv	uv	1	1190106	1191665	0.0287297727894229	1108
bv	uv	1	1191665	1193183	0.0289906195936034	1108
bv	uv	1	1193183	1194722	0.0273870740068562	1118
bv	uv	1	1194722	1196227	0.0278037949776881	1076
bv	uv	1	1196227	1197765	0.0226313487064618	1101
bv	uv	1	1197765	1199285	0.0317170370250462	1133
bv	uv	1	1199285	1200805	0.0311033117988328	1124
bv	uv	1	1200805	1202316	0.0269341173052327	1163
bv	uv	1	1202316	1203839	0.0210522985116426	1144
bv	uv	1	1203839	1205373	0.0287607982473068	1169
bv	uv	1	1205373	1206867	0.0315027777005642	1110
bv	uv	1	1206867	1208383	0.0296925807950096	1144
bv	uv	1	1208383	1209932	0.0231371407403471	1049
bv	uv	1	1209932	1211507	0.0264756010592879	1102
bv	uv	1	1211507	1213030	0.0275019946611396	1168
bv	uv	1	1213030	1214550	0.0259336390958738	1122
bv	uv	1	1214550	1216097	0.0295447651738542	1175
bv	uv	1	1216097	1217588	0.0275374461750655	1095
bv	uv	1	1217588	1219109	0.0259354779932	1142
bv	uv	1	1219109	1220641	0.0293408469111901	1107
bv	uv	1	1220641	1222206	0.026605718487417	1141
bv	uv	1	1222206	1223745	0.0256039896363915	1114
bv	uv	1	1223745	1225256	0.02499020967992	1138
bv	uv	1	1225256	1226759	0.0359505121779018	1094
bv	uv	1	1226759	1228264	0.0251642501374077	1062
bv	uv	1	1228264	1229791	0.0312706070291778	1135
bv	uv	1	1229791	1231336	0.0319696019623849	1125
bv	uv	1	1231336	1232894	0.0301972763967053	1113
bv	uv	1	1232894	1234423	0.0271563254722467	1098
bv	uv	1	1234423	1235998	0.0284736275213786	1089
bv	uv	1	1235998	1237498	0.027526810254706	1080
bv	uv	1	1237498	1239035	0.0299887866540771	1115
bv	uv	1	1239035	1240565	0.0229356979731658	1125
bv	uv	1	1240565	1242112	0.0257325897454575	1065
bv	uv	1	1242112	1243699	0.0224355189579118	1110
bv	uv	1	1243699	1245239	0.0281540054973509	1094
bv	uv	1	1245239	1246802	0.0290475562741274	1100
bv	uv	1	1246802	1248315	0.0245706164455208	1120
bv	uv	1	1248315	1249861	0.0252608759553204	1097
bv	uv	1	1249861	1251355	0.021965406246403	1069
bv	uv	1	1251355	1252906	0.0251411836532224	1133
bv	uv	1	1252906	1254455	0.0315225838727325	1116
bv	uv	1	1254455	1255998	0.0257262092394575	1103
bv	uv	1	1255998	1257515	0.0300292921997805	1097
bv	uv	1	1257515	1259043	0.0231777340816298	1130
bv	uv	1	1259043	1260595	0.0298580236348656	1099
bv	uv	1	1260595	1262081	0.0280956299258154	1100
bv	uv	1	1262081	1263625	0.0256086671283303	1104
bv	uv	1	1263625	1265157	0.0226910333478025	1043
bv	uv	1	1265157	1266667	0.0285242373276493	1079
bv	uv	1	1266667	1268246	0.0256655608556501	1122
bv	uv	1	1268246	1269833	0.0260887714652142	1064
bv	uv	1	1269833	1271385	0.0355702921372719	1114
bv	uv	1	1271385	1272989	0.0273510436697043	1098
bv	uv	1	1272989	1274496	0.0294708531114778	1092
bv	uv	1	1274496	1276049	0.0250541728326801	1118
bv	uv	1	1276049	1277559	0.0234780522202417	1107
bv	uv	1	1277559	1279126	0.0249473183795174	1063
bv	uv	1	1279126	1280696	0.0275483951518162	1120
bv	uv	1	1280696	1282230	0.0281744911325298	1143
bv	uv	1	1282230	1283717	0.0298718405913688	1068
bv	uv	1	1283717	1285235	0.0266111895565984	1054
bv	uv	1	1285235	1286714	0.0234848848400504	1097
bv	uv	1	1286714	1288263	0.0290304097786643	1061
bv	uv	1	1288263	1289805	0.0290877795255098	1116
bv	uv	1	1289805	1291321	0.0224702805882912	1135
bv	uv	1	1291321	1292857	0.0272030459139379	1100
bv	uv	1	1292857	1294362	0.0248098815142233	1110
bv	uv	1	1294362	1295899	0.0214323898584092	1111
bv	uv	1	1295899	1297394	0.0238669898049345	1101
bv	uv	1	1297394	1298982	0.0217850489696438	1128
bv	uv	1	1298982	1300570	0.0281595650892348	1110
bv	uv	1	1300570	1302091	0.0266708803253724	1084
bv	uv	1	1302091	1303599	0.0272577733505841	1138
bv	uv	1	1303599	1305121	0.0316082167121458	1141
bv	uv	1	1305121	1306648	0.0302326965422841	1139
bv	uv	1	1306648	1308215	0.0292081417289027	1146
bv	uv	1	1308215	1309685	0.0341307188304802	1144
bv	uv	1	1309685	1311175	0.0314191867935855	1120
bv	uv	1	1311175	1312747	0.0262033517754529	1027
bv	uv	1	1312747	1314319	0.0315326859361303	1129
bv	uv	1	1314319	1315856	0.0306930030695925	1135
bv	uv	1	1315856	1317413	0.0302240121098253	1105
bv	uv	1	1317413	1318939	0.0276264622042763	1104
bv	uv	1	1318939	1320490	0.0318692451681161	1125
bv	uv	1	1320490	1321986	0.0309936964080715	1098
bv	uv	1	1321986	1323551	0.0271339877435535	1086
bv	uv	1	1323551	1325130	0.0327088233570776	1093
bv	uv	1	1325130	1326690	0.0309265211090382	1131
bv	uv	1	1326690	1328209	0.032677935175752	1129
bv	uv	1	1328209	1329756	0.0312059164781596	1079
bv	uv	1	1329756	1331305	0.0270392408046044	1126
bv	uv	1	1331305	1332821	0.0271441359822256	1103
bv	uv	1	1332821	1334342	0.0300919397965365	1135
bv	uv	1	1334342	1335846	0.0299337661786209	1090
bv	uv	1	1335846	1337381	0.0257492557567645	1134
bv	uv	1	1337381	1338934	0.0284126059099763	1124
bv	uv	1	1338934	1340440	0.0273098271341962	1105
bv	uv	1	1340440	1342022	0.0235213323032019	1077
bv	uv	1	1342022	1343549	0.0276878504012338	1143
bv	uv	1	1343549	1345081	0.0268099808255888	1107
bv	uv	1	1345081	1346631	0.03129219327938	1096
bv	uv	1	1346631	1348208	0.0252175604032101	1090
bv	uv	1	1348208	1349728	0.0281766409501326	1098
bv	uv	1	1349728	1351276	0.0327614635678392	1131
bv	uv	1	1351276	1352845	0.0333538205821514	1093
bv	uv	1	1352845	1354330	0.0207805888943613	1066
bv	uv	1	1354330	1355894	0.0211887168199565	1131
bv	uv	1	1355894	1357371	0.0289737259388611	1078
bv	uv	1	1357371	1358894	0.0273552830955476	1091
bv	uv	1	1358894	1360411	0.0298583038219965	1092
bv	uv	1	1360411	1361943	0.0247463997794598	1103
bv	uv	1	1361943	1363499	0.0268134059009662	1112
bv	uv	1	1363499	1364981	0.0253971233639294	1089
bv	uv	1	1364981	1366493	0.0233980508988083	1118
bv	uv	1	1366493	1368022	0.025268827537507	1078
bv	uv	1	1368022	1369645	0.028692709106977	1055
bv	uv	1	1369645	1371161	0.0266897327752564	1131
bv	uv	1	1371161	1372680	0.0306656373305884	1083
bv	uv	1	1372680	1374232	0.0249862642079598	1114
bv	uv	1	1374232	1375818	0.0285333363938239	1056
bv	uv	1	1375818	1377351	0.0237678259598927	1065
bv	uv	1	1377351	1378863	0.0283159641724257	1081
bv	uv	1	1378863	1380339	0.0247704585908639	1085
bv	uv	1	1380339	1381902	0.0297898793107607	1126
bv	uv	1	1381902	1383465	0.0289314961101387	1080
bv	uv	1	1383465	1384991	0.0261739197355737	1136
bv	uv	1	1384991	1386525	0.0246533599134755	1107
bv	uv	1	1386525	1388090	0.0196889787658235	1065
bv	uv	1	1388090	1389667	0.0267653350851925	1114
bv	uv	1	1389667	1391215	0.0233691872438403	1137
bv	uv	1	1391215	1392746	0.0254368511927236	1083
bv	uv	1	1392746	1394291	0.0251799737309312	1104
bv	uv	1	1394291	1395788	0.030619658469498	1055
bv	uv	1	1395788	1397297	0.0271413132186205	1116
bv	uv	1	1397297	1398821	0.028854350202297	1107
bv	uv	1	1398821	1400359	0.0264830091352968	1118
bv	uv	1	1400359	1401901	0.0326832772366298	1088
bv	uv	1	1401901	1403466	0.0258992803325117	1102
bv	uv	1	1403466	1404981	0.0250093535111145	1121
bv	uv	1	1404981	1406532	0.0232006843685662	1099
bv	uv	1	1406532	1408088	0.0342747683781905	1111
bv	uv	1	1408088	1409595	0.0254130468507601	1085
bv	uv	1	1409595	1411175	0.0302889351356192	1123
bv	uv	1	1411175	1412664	0.031683261503919	1072
bv	uv	1	1412664	1414189	0.0282103776165098	1106
bv	uv	1	1414189	1415708	0.0256010371340187	1153
bv	uv	1	1415708	1417227	0.0340723430377704	1119
bv	uv	1	1417227	1418707	0.0299328473365627	1111
bv	uv	1	1418707	1420242	0.0245317858084937	1174
bv	uv	1	1420242	1421748	0.0286493668023518	1138
bv	uv	1	1421748	1423286	0.0318366021608364	1060
bv	uv	1	1423286	1424790	0.0312974181636683	1100
bv	uv	1	1424790	1426338	0.0245347720806771	1071
bv	uv	1	1426338	1427925	0.0253503904766818	1117
bv	uv	1	1427925	1429499	0.0294718152209818	1056
bv	uv	1	1429499	1430976	0.0286699931306756	1143
bv	uv	1	1430976	1432472	0.0306335844155507	1134
bv	uv	1	1432472	1433984	0.0301577834671631	1096
bv	uv	1	1433984	1435546	0.0298806432005304	1176
bv	uv	1	1435546	1437038	0.0268331893750891	1092
bv	uv	1	1437038	1438563	0.0268044690714182	1103
bv	uv	1	1438563	1440107	0.0221320365161837	1099
bv	uv	1	1440107	1441642	0.0240355907662959	1057
bv	uv	1	1441642	1443167	0.0240832960498295	1146
bv	uv	1	1443167	1444777	0.0333882399401396	1101
bv	uv	1	1444777	1446303	0.0291566125538264	1154
bv	uv	1	1446303	1447834	0.0246874768599325	1155
bv	uv	1	1447834	1449378	0.0263376280758064	1122
bv	uv	1	1449378	1450914	0.0230099455678369	1128
bv	uv	1	1450914	1452367	0.0249116052857545	1108
bv	uv	1	1452367	1453874	0.0262785160513833	1158
bv	uv	1	1453874	1455362	0.02656724650495	1141
bv	uv	1	1455362	1456908	0.0274264156639832	1118
bv	uv	1	1456908	1458429	0.0278537216409209	1134
bv	uv	1	1458429	1459957	0.0279406860546681	1086
bv	uv	1	1459957	1461481	0.0252884992830076	1109
bv	uv	1	1461481	1463045	0.0212837120620386	1121
bv	uv	1	1463045	1464612	0.0287986848335588	1115
bv	uv	1	1464612	1466173	0.0217358308570929	1126
bv	uv	1	1466173	1467683	0.0261869710230505	1086
bv	uv	1	1467683	1469212	0.0297438607225296	1101
bv	uv	1	1469212	1470746	0.0273780065749639	1152
bv	uv	1	1470746	1472235	0.0235452446005724	1115
bv	uv	1	1472235	1473813	0.025406996928475	1114
bv	uv	1	1473813	1475362	0.0237607992585535	1132
bv	uv	1	1475362	1476876	0.0249415823446502	1104
bv	uv	1	1476876	1478417	0.0220044358716676	1086
bv	uv	1	1478417	1480002	0.0307727708482506	1100
bv	uv	1	1480002	1481486	0.0330088916013565	1110
bv	uv	1	1481486	1483016	0.02731760541828	1101
bv	uv	1	1483016	1484565	0.0288346203504625	1091
bv	uv	1	1484565	1486132	0.0284922966558697	1069
bv	uv	1	1486132	1487635	0.0301551025091799	1133
bv	uv	1	1487635	1489174	0.0275074165070787	1132
bv	uv	1	1489174	1490704	0.0295373119304036	1091
bv	uv	1	1490704	1492219	0.0261236594902215	1186
bv	uv	1	1492219	1493746	0.0346121434165846	1144
bv	uv	1	1493746	1495243	0.0252742813345748	1065
bv	uv	1	1495243	1496735	0.0309002183341273	1139
bv	uv	1	1496735	1498280	0.0276076685973384	1171
bv	uv	1	1498280	1499867	0.0274393876519674	1113
bv	uv	1	1499867	1500000	0.0254952848440626	116
