pop1	pop2	chromosome	window_pos_1	window_pos_2	avg_wc_fst	no_snps
bv	uv	1	1	1224	0.0204804774256989	1000
bv	uv	1	1224	2464	0.0189278631059452	996
bv	uv	1	2464	3680	0.0179416915973217	997
bv	uv	1	3680	4867	0.0210745074695448	999
bv	uv	1	4867	6118	0.0240211022464379	1002
bv	uv	1	6118	7335	0.0299156226029148	1003
bv	uv	1	7335	8522	0.0276706530066352	999
bv	uv	1	8522	9730	0.0285146691862296	999
bv	uv	1	9730	10795	0.0204437448590034	1000
bv	uv	1	10795	11980	0.0147242186077137	998
bv	uv	1	11980	13237	0.0245432048544018	998
bv	uv	1	13237	14515	0.0213774980827355	1004
bv	uv	1	14515	15732	0.0219662175306824	1001
bv	uv	1	15732	16982	0.0112806546784679	999
bv	uv	1	16982	18240	0.0197669073307914	996
bv	uv	1	18240	19449	0.0166532252359324	996
bv	uv	1	19449	20647	0.0254355644006843	996
bv	uv	1	20647	21936	0.0228687316873672	994
bv	uv	1	21936	23190	0.0216075012109888	998
bv	uv	1	23190	24394	0.0244494662285022	998
bv	uv	1	24394	25627	0.0140153580331301	992
bv	uv	1	25627	26861	0.019325232143005	999
bv	uv	1	26861	28090	0.0195166148345862	995
bv	uv	1	28090	29351	0.0190464587394411	996
bv	uv	1	29351	30559	0.019547785007478	1000
bv	uv	1	30559	31736	0.0276729770668097	995
bv	uv	1	31736	32907	0.0280967632737025	993
bv	uv	1	32907	34121	0.0285841659455065	1002
bv	uv	1	34121	35360	0.0208953766538104	998
bv	uv	1	35360	36680	0.0222388942291411	991
bv	uv	1	36680	37880	0.0234028885344674	1000
bv	uv	1	37880	39161	0.0266932558083659	1000
bv	uv	1	39161	40375	0.0270905982905982	994
bv	uv	1	40375	41651	0.0263067059133691	998
bv	uv	1	41651	42922	0.0276061320106997	1002
bv	uv	1	42922	44282	0.0257299324790308	1001
bv	uv	1	44282	45530	0.0264813492161225	1001
bv	uv	1	45530	46831	0.0334677818139051	994
bv	uv	1	46831	48092	0.0215224869000546	1002
bv	uv	1	48092	49333	0.0185126294130917	999
bv	uv	1	49333	50584	0.0271511703936184	1001
bv	uv	1	50584	51826	0.0258685666339576	1000
bv	uv	1	51826	53112	0.0180718752147323	1001
bv	uv	1	53112	54373	0.021735748730785	997
bv	uv	1	54373	55646	0.0188808020326112	997
bv	uv	1	55646	56857	0.0177432284433605	1000
bv	uv	1	56857	58065	0.0221880497956328	998
bv	uv	1	58065	59311	0.0171327235291397	1001
bv	uv	1	59311	60587	0.0281338329060671	997
bv	uv	1	60587	61856	0.012838840556032	997
bv	uv	1	61856	63115	0.0150494337967586	998
bv	uv	1	63115	64299	0.0272132337964807	1001
bv	uv	1	64299	65584	0.0167461062983451	1003
bv	uv	1	65584	66851	0.0123521224773834	997
bv	uv	1	66851	68010	0.0158606449797175	999
bv	uv	1	68010	69229	0.0176071118471366	1001
bv	uv	1	69229	70394	0.0150045904702923	995
bv	uv	1	70394	71702	0.0242149292682994	996
bv	uv	1	71702	72951	0.0149014658770993	995
bv	uv	1	72951	74239	0.0167419271294095	1001
bv	uv	1	74239	75466	0.0122615803814713	1001
bv	uv	1	75466	76697	0.0172748895684675	997
bv	uv	1	76697	77936	0.0198657962452734	1000
bv	uv	1	77936	79106	0.0189944910762386	999
bv	uv	1	79106	80344	0.0138734470923768	997
bv	uv	1	80344	81491	0.0156262989511849	1002
bv	uv	1	81491	82764	0.0216010856292815	997
bv	uv	1	82764	84006	0.0271160819681876	998
bv	uv	1	84006	85289	0.0215576198508001	998
bv	uv	1	85289	86702	0.027650400184006	996
bv	uv	1	86702	87970	0.03392571366329	992
bv	uv	1	87970	89251	0.0228598645973574	995
bv	uv	1	89251	90497	0.0162416625502406	1001
bv	uv	1	90497	91725	0.0261069943006234	998
bv	uv	1	91725	92958	0.0310514379423726	995
bv	uv	1	92958	94193	0.0262710901629577	997
bv	uv	1	94193	95440	0.0267040791005745	998
bv	uv	1	95440	96658	0.0264521630752074	999
bv	uv	1	96658	97849	0.0160363951327396	1001
bv	uv	1	97849	99090	0.0285113827545539	999
bv	uv	1	99090	100343	0.0232117709901422	992
bv	uv	1	100343	101626	0.0208503565850106	998
bv	uv	1	101626	102881	0.0167096020383743	1001
bv	uv	1	102881	104150	0.0197916492297047	994
bv	uv	1	104150	105399	0.0228832760624378	1000
bv	uv	1	105399	106648	0.0282093563471742	1001
bv	uv	1	106648	107914	0.0260982239686764	1003
bv	uv	1	107914	109079	0.0326119556123818	994
bv	uv	1	109079	110364	0.0233040084972753	999
bv	uv	1	110364	111639	0.0256226053639846	999
bv	uv	1	111639	112874	0.0212714054331577	999
bv	uv	1	112874	114115	0.0215682575614663	996
bv	uv	1	114115	115432	0.0282810579805108	995
bv	uv	1	115432	116658	0.0185258832107112	996
bv	uv	1	116658	117877	0.0224151934891276	1001
bv	uv	1	117877	119119	0.0271706243572314	999
bv	uv	1	119119	120396	0.012234410854177	998
bv	uv	1	120396	121598	0.0214809732411463	1001
bv	uv	1	121598	122856	0.0139658385886077	998
bv	uv	1	122856	124030	0.016933610634672	993
bv	uv	1	124030	125301	0.0198688556919587	999
bv	uv	1	125301	126520	0.0165499343214367	998
bv	uv	1	126520	127673	0.0298840570006583	996
bv	uv	1	127673	128910	0.0264915999026755	995
bv	uv	1	128910	130069	0.0203780451945429	996
bv	uv	1	130069	131302	0.0189611016646724	997
bv	uv	1	131302	132538	0.0163172484770014	996
bv	uv	1	132538	133761	0.0222359959711784	998
bv	uv	1	133761	135036	0.0187762976267691	1001
bv	uv	1	135036	136263	0.0196177870189585	1000
bv	uv	1	136263	137523	0.0185712697068459	995
bv	uv	1	137523	138707	0.0195451227414023	990
bv	uv	1	138707	139960	0.0322303970838526	1001
bv	uv	1	139960	141295	0.0179084304781213	1001
bv	uv	1	141295	142566	0.0209995239256395	1001
bv	uv	1	142566	143808	0.0192565402318941	997
bv	uv	1	143808	145113	0.0195460974100592	992
bv	uv	1	145113	146378	0.026119081200326	996
bv	uv	1	146378	147606	0.021116114156443	998
bv	uv	1	147606	148851	0.0207335701903437	997
bv	uv	1	148851	150103	0.0269183168316831	1001
bv	uv	1	150103	151356	0.0148695138978854	999
bv	uv	1	151356	152551	0.0208965985828584	1000
bv	uv	1	152551	153764	0.0183685967025014	996
bv	uv	1	153764	155028	0.0178872859838007	996
bv	uv	1	155028	156220	0.0217040053114295	995
bv	uv	1	156220	157548	0.0196558881763312	1001
bv	uv	1	157548	158815	0.0330102610338313	1001
bv	uv	1	158815	160058	0.0257725319375651	999
bv	uv	1	160058	161320	0.0241334827869277	1002
bv	uv	1	161320	162539	0.0293060276693664	1002
bv	uv	1	162539	163807	0.019317276766264	1002
bv	uv	1	163807	165043	0.0191820484980094	994
bv	uv	1	165043	166229	0.0137083621787143	1001
bv	uv	1	166229	167467	0.0247474747474747	997
bv	uv	1	167467	168687	0.0267028074415161	1002
bv	uv	1	168687	169889	0.0250444619376658	1001
bv	uv	1	169889	171130	0.019760619829514	1001
bv	uv	1	171130	172355	0.0194321109466644	1002
bv	uv	1	172355	173696	0.0208609801702638	995
bv	uv	1	173696	174928	0.016881383569829	1000
bv	uv	1	174928	176196	0.0287698901423715	1000
bv	uv	1	176196	177399	0.0185513721882734	998
bv	uv	1	177399	178646	0.0187316974654145	999
bv	uv	1	178646	179820	0.0228340882144715	1002
bv	uv	1	179820	181061	0.0160089818994209	996
bv	uv	1	181061	182366	0.0166167859106899	1002
bv	uv	1	182366	183637	0.0179613190061772	996
bv	uv	1	183637	184846	0.0224743737323905	1002
bv	uv	1	184846	186062	0.0278663752165321	1000
bv	uv	1	186062	187288	0.0271100942326423	998
bv	uv	1	187288	188454	0.0244950349353655	999
bv	uv	1	188454	189702	0.0214905107930245	1000
bv	uv	1	189702	190888	0.0145527073945482	1000
bv	uv	1	190888	192163	0.015299556741814	998
bv	uv	1	192163	193407	0.0201323224579038	997
bv	uv	1	193407	194625	0.0223288449474021	999
bv	uv	1	194625	195800	0.0139829526433703	999
bv	uv	1	195800	197044	0.0216768985709345	994
bv	uv	1	197044	198287	0.0212554128132234	1000
bv	uv	1	198287	199564	0.0211292791439566	998
bv	uv	1	199564	200858	0.0232942199043893	998
bv	uv	1	200858	202139	0.0150072369924582	1000
bv	uv	1	202139	203450	0.0230874149002803	1000
bv	uv	1	203450	204645	0.0198954144969569	997
bv	uv	1	204645	205837	0.02048153811583	1003
bv	uv	1	205837	207103	0.0174415756209886	996
bv	uv	1	207103	208305	0.0237272134060838	1001
bv	uv	1	208305	209547	0.0138334421604525	1002
bv	uv	1	209547	210774	0.0242793864868438	995
bv	uv	1	210774	211951	0.01717324017544	996
bv	uv	1	211951	213187	0.0229356234877142	999
bv	uv	1	213187	214414	0.0264724121545982	1001
bv	uv	1	214414	215689	0.0191232666870545	997
bv	uv	1	215689	216832	0.039235371417844	1000
bv	uv	1	216832	218167	0.0324910754127621	1001
bv	uv	1	218167	219344	0.0278852145512365	998
bv	uv	1	219344	220645	0.0364065485748834	1002
bv	uv	1	220645	221987	0.0277012626389097	999
bv	uv	1	221987	223267	0.0295571249604207	1001
bv	uv	1	223267	224559	0.0287709722366163	998
bv	uv	1	224559	225909	0.0247057637178212	998
bv	uv	1	225909	227095	0.0193302661071506	1000
bv	uv	1	227095	228289	0.0277880635578924	999
bv	uv	1	228289	229579	0.01707339306876	998
bv	uv	1	229579	230870	0.0253262959780696	998
bv	uv	1	230870	232119	0.0150704804208956	1001
bv	uv	1	232119	233378	0.0124010656386908	999
bv	uv	1	233378	234640	0.0184220505758138	994
bv	uv	1	234640	235904	0.027788524087495	996
bv	uv	1	235904	237127	0.0208604736613555	1001
bv	uv	1	237127	238305	0.0142433136016183	997
bv	uv	1	238305	239595	0.0313481950664324	995
bv	uv	1	239595	240779	0.0243366612151243	994
bv	uv	1	240779	242087	0.0218313280793207	995
bv	uv	1	242087	243342	0.0182388061447058	993
bv	uv	1	243342	244606	0.025844930417495	1003
bv	uv	1	244606	245849	0.0307931399650671	998
bv	uv	1	245849	247121	0.0220912035520617	1000
bv	uv	1	247121	248338	0.0285487600431478	998
bv	uv	1	248338	249575	0.0261347704171048	1000
bv	uv	1	249575	250747	0.0344088453729285	998
bv	uv	1	250747	251884	0.0215271841459803	1001
bv	uv	1	251884	253146	0.0182200551378847	998
bv	uv	1	253146	254460	0.0208369609379534	999
bv	uv	1	254460	255727	0.0227767206981542	997
bv	uv	1	255727	257085	0.0145469239317102	1000
bv	uv	1	257085	258369	0.0140553485301194	998
bv	uv	1	258369	259648	0.0284672353687727	999
bv	uv	1	259648	260896	0.0171340220676084	999
bv	uv	1	260896	262217	0.0193714331645366	999
bv	uv	1	262217	263480	0.0184667513765353	995
bv	uv	1	263480	264764	0.0208888997642759	996
bv	uv	1	264764	266071	0.0120222033682132	1005
bv	uv	1	266071	267328	0.0145248030045008	1001
bv	uv	1	267328	268539	0.0178520457677847	998
bv	uv	1	268539	269803	0.0260580651125358	1003
bv	uv	1	269803	271019	0.0193240331744486	996
bv	uv	1	271019	272263	0.0217185867075801	1002
bv	uv	1	272263	273520	0.0243195660969502	996
bv	uv	1	273520	274765	0.0228324994918996	998
bv	uv	1	274765	276028	0.0308233839128573	1001
bv	uv	1	276028	277278	0.0317440795856734	1001
bv	uv	1	277278	278559	0.0307003800387269	997
bv	uv	1	278559	279868	0.0199110879418451	996
bv	uv	1	279868	281148	0.0186672228595265	1000
bv	uv	1	281148	282448	0.0211493867515994	1000
bv	uv	1	282448	283751	0.0276033380780931	999
bv	uv	1	283751	285067	0.0325479233226837	1000
bv	uv	1	285067	286354	0.0334016707808599	997
bv	uv	1	286354	287613	0.02624057321586	999
bv	uv	1	287613	288811	0.0220133780544142	1002
bv	uv	1	288811	290093	0.0278356268800958	1000
bv	uv	1	290093	291432	0.0261866468720359	1000
bv	uv	1	291432	292757	0.0218182852591454	1001
bv	uv	1	292757	294006	0.0259207786883063	995
bv	uv	1	294006	295259	0.0282308202717697	999
bv	uv	1	295259	296535	0.0265875255868584	996
bv	uv	1	296535	297837	0.024163991896014	999
bv	uv	1	297837	299145	0.0276555227624455	999
bv	uv	1	299145	300436	0.0327460254019007	998
bv	uv	1	300436	301792	0.0257365511544384	999
bv	uv	1	301792	303115	0.0338844555712025	997
bv	uv	1	303115	304394	0.0124790332920585	995
bv	uv	1	304394	305710	0.0263465193784573	997
bv	uv	1	305710	306989	0.0248615529633557	998
bv	uv	1	306989	308328	0.0292315458609793	995
bv	uv	1	308328	309566	0.0212567541622096	996
bv	uv	1	309566	310841	0.0228040901895349	1001
bv	uv	1	310841	312179	0.0249747341132863	1000
bv	uv	1	312179	313465	0.0210964718165208	998
bv	uv	1	313465	314790	0.0225067813592043	1002
bv	uv	1	314790	316128	0.0288077695378436	999
bv	uv	1	316128	317397	0.0307398387982846	1000
bv	uv	1	317397	318767	0.0220192483123517	1001
bv	uv	1	318767	320018	0.0233667143538388	1000
bv	uv	1	320018	321279	0.0339130458639582	998
bv	uv	1	321279	322568	0.0238516267755888	998
bv	uv	1	322568	323841	0.0261734914066664	984
bv	uv	1	323841	325145	0.0276188053753868	1000
bv	uv	1	325145	326470	0.0376458650431253	994
bv	uv	1	326470	327774	0.0275252014997418	998
bv	uv	1	327774	329061	0.029197664186865	998
bv	uv	1	329061	330325	0.0161877440180897	999
bv	uv	1	330325	331622	0.0179905413451061	1003
bv	uv	1	331622	332923	0.0312344718819538	1002
bv	uv	1	332923	334229	0.0241024450634478	992
bv	uv	1	334229	335477	0.0331070056318753	997
bv	uv	1	335477	336750	0.0295967996281725	998
bv	uv	1	336750	338066	0.0206769369433474	997
bv	uv	1	338066	339327	0.0204799829916272	996
bv	uv	1	339327	340546	0.0267427840966865	988
bv	uv	1	340546	341807	0.0232933672439546	1002
bv	uv	1	341807	343028	0.0216371153894934	1002
bv	uv	1	343028	344306	0.0211782366537874	1001
bv	uv	1	344306	345610	0.0278639906200427	994
bv	uv	1	345610	346933	0.0274840873168439	997
bv	uv	1	346933	348178	0.0216499190346265	1000
bv	uv	1	348178	349445	0.0214953219010725	999
bv	uv	1	349445	350740	0.0231213872832369	1001
bv	uv	1	350740	352007	0.0279655531247183	1000
bv	uv	1	352007	353292	0.0297723833348775	998
bv	uv	1	353292	354533	0.0279104072046892	1000
bv	uv	1	354533	355851	0.0294134649240358	999
bv	uv	1	355851	357111	0.0314039861734206	1001
bv	uv	1	357111	358423	0.0215852355994932	996
bv	uv	1	358423	359711	0.0299499625323309	996
bv	uv	1	359711	361004	0.0254034660276395	998
bv	uv	1	361004	362311	0.0382724922141541	999
bv	uv	1	362311	363700	0.0329333452490244	1000
bv	uv	1	363700	364955	0.0282466385760868	1001
bv	uv	1	364955	366190	0.0218630707451291	1001
bv	uv	1	366190	367581	0.0303670408305291	995
bv	uv	1	367581	368852	0.0210607040612198	996
bv	uv	1	368852	370224	0.0268545159903429	1001
bv	uv	1	370224	371473	0.0278733842506091	999
bv	uv	1	371473	372808	0.0223268794697366	998
bv	uv	1	372808	374130	0.0284508512842379	1000
bv	uv	1	374130	375401	0.0280564845782237	1001
bv	uv	1	375401	376694	0.0188030737572785	1003
bv	uv	1	376694	378021	0.0218018163688791	1000
bv	uv	1	378021	379276	0.0233380201363125	1001
bv	uv	1	379276	380602	0.0207782539917127	999
bv	uv	1	380602	381869	0.0239681602933084	1003
bv	uv	1	381869	383238	0.0309394305667472	999
bv	uv	1	383238	384604	0.027413027267127	996
bv	uv	1	384604	385909	0.0216149897098401	997
bv	uv	1	385909	387195	0.0285300036666638	1002
bv	uv	1	387195	388519	0.0171839675698551	1000
bv	uv	1	388519	389844	0.0174150799320146	1002
bv	uv	1	389844	391146	0.0243955767643473	999
bv	uv	1	391146	392487	0.0160097615366005	998
bv	uv	1	392487	393708	0.0228665528312417	995
bv	uv	1	393708	394983	0.019150641025641	996
bv	uv	1	394983	396300	0.0208857077281922	999
bv	uv	1	396300	397653	0.0241108160183304	1002
bv	uv	1	397653	398977	0.0249676035266841	998
bv	uv	1	398977	400280	0.0182701912399064	996
bv	uv	1	400280	401611	0.0185125238288912	996
bv	uv	1	401611	402946	0.0259465924865164	999
bv	uv	1	402946	404313	0.0159659510656831	997
bv	uv	1	404313	405628	0.022332832302524	995
bv	uv	1	405628	407026	0.0212909198013969	996
bv	uv	1	407026	408368	0.0333407793070662	999
bv	uv	1	408368	409714	0.0311943474179954	1003
bv	uv	1	409714	411020	0.0311083518005938	999
bv	uv	1	411020	412358	0.0285902403200891	995
bv	uv	1	412358	413612	0.0250621018716643	1000
bv	uv	1	413612	414968	0.0248000989422854	1001
bv	uv	1	414968	416328	0.021229870233	996
bv	uv	1	416328	417691	0.0253434707216219	1003
bv	uv	1	417691	419036	0.0333099227450586	1001
bv	uv	1	419036	420457	0.0274911274911274	1000
bv	uv	1	420457	421744	0.0215515115648271	1001
bv	uv	1	421744	423084	0.0270409203802882	991
bv	uv	1	423084	424396	0.0219636643699027	999
bv	uv	1	424396	425788	0.0292948417129202	1000
bv	uv	1	425788	427132	0.0328574516934982	997
bv	uv	1	427132	428502	0.0167875942523829	1000
bv	uv	1	428502	429923	0.0190303443899694	998
bv	uv	1	429923	431326	0.0250999973155083	996
bv	uv	1	431326	432696	0.0248232937151089	996
bv	uv	1	432696	434096	0.0243969073573204	996
bv	uv	1	434096	435488	0.0278864353312302	999
bv	uv	1	435488	436845	0.023722984327979	997
bv	uv	1	436845	438143	0.0216206343498684	997
bv	uv	1	438143	439454	0.0196469035583555	1002
bv	uv	1	439454	440866	0.021404498023203	1000
bv	uv	1	440866	442235	0.0329852838317212	1003
bv	uv	1	442235	443538	0.0211327182723416	1002
bv	uv	1	443538	444910	0.0310655969745192	1003
bv	uv	1	444910	446200	0.0286966865819265	998
bv	uv	1	446200	447522	0.0203530438144195	999
bv	uv	1	447522	448882	0.0262513797571627	997
bv	uv	1	448882	450345	0.0251394084654542	999
bv	uv	1	450345	451750	0.0203407855368522	998
bv	uv	1	451750	453141	0.0190884910257269	995
bv	uv	1	453141	454525	0.0263602852676486	1003
bv	uv	1	454525	455947	0.0257055922778302	1003
bv	uv	1	455947	457315	0.0278059328332995	999
bv	uv	1	457315	458737	0.0254597924663363	1004
bv	uv	1	458737	460110	0.024129391133935	999
bv	uv	1	460110	461459	0.0184065964309697	999
bv	uv	1	461459	462877	0.0239834293185478	1001
bv	uv	1	462877	464267	0.0206732713303679	1001
bv	uv	1	464267	465681	0.028378910092465	1001
bv	uv	1	465681	467125	0.0236598531840195	1001
bv	uv	1	467125	468584	0.0222868459976434	1001
bv	uv	1	468584	470002	0.0306339605734767	1001
bv	uv	1	470002	471391	0.0309906822434147	998
bv	uv	1	471391	472870	0.0271070057256581	1003
bv	uv	1	472870	474284	0.0243735577289938	1000
bv	uv	1	474284	475660	0.0224843592499104	999
bv	uv	1	475660	477066	0.0264306902643069	997
bv	uv	1	477066	478445	0.0300075316129543	1002
bv	uv	1	478445	479880	0.0284264262795695	1001
bv	uv	1	479880	481342	0.031657055722002	996
bv	uv	1	481342	482796	0.0323309906717419	1000
bv	uv	1	482796	484226	0.0373415001074575	998
bv	uv	1	484226	485666	0.0290897630890231	1002
bv	uv	1	485666	487151	0.0206044845220102	995
bv	uv	1	487151	488674	0.0182069920387677	992
bv	uv	1	488674	490071	0.025060750312654	996
bv	uv	1	490071	490693	0.0158711600853476	1002
bv	uv	1	490693	491298	0.0267954320512694	999
bv	uv	1	491298	491934	0.0266837979256279	999
bv	uv	1	491934	492532	0.031298776971684	1002
bv	uv	1	492532	493163	0.0262203318050415	999
bv	uv	1	493163	493778	0.0206505278336623	1000
bv	uv	1	493778	494373	0.0252445212825561	1001
bv	uv	1	494373	494979	0.0364580811162442	1000
bv	uv	1	494979	495599	0.0266825035211039	1002
bv	uv	1	495599	496235	0.0279441673863984	1005
bv	uv	1	496235	496870	0.0341577222347319	1006
bv	uv	1	496870	497462	0.0283809651637314	1001
bv	uv	1	497462	498110	0.0214662103682499	1003
bv	uv	1	498110	498727	0.0205717268423539	1005
bv	uv	1	498727	499335	0.03274620780345	1003
bv	uv	1	499335	499928	0.024041879809477	1004
bv	uv	1	499928	501090	0.0202424675978027	1002
bv	uv	1	501090	502353	0.0192602900087245	999
bv	uv	1	502353	503597	0.016615210968363	998
bv	uv	1	503597	504818	0.023001027978904	992
bv	uv	1	504818	506022	0.0305324249306081	997
bv	uv	1	506022	507210	0.0218823919627816	998
bv	uv	1	507210	508406	0.019691565780881	995
bv	uv	1	508406	509605	0.0167925073235136	995
bv	uv	1	509605	510782	0.0208966598252405	998
bv	uv	1	510782	511991	0.023905648541924	1002
bv	uv	1	511991	513216	0.0304116433148691	998
bv	uv	1	513216	514461	0.0282071097372488	995
bv	uv	1	514461	515669	0.0281380961883855	999
bv	uv	1	515669	516874	0.0280115917513141	994
bv	uv	1	516874	518055	0.0220827012981394	1000
bv	uv	1	518055	519250	0.0251736326686037	1001
bv	uv	1	519250	520492	0.0280641466208476	996
bv	uv	1	520492	521681	0.0270397042187456	998
bv	uv	1	521681	522897	0.0263114647263165	998
bv	uv	1	522897	524213	0.0252156328669885	997
bv	uv	1	524213	525475	0.0259177994670163	996
bv	uv	1	525475	526671	0.0295986733001658	1000
bv	uv	1	526671	527958	0.0335796958474169	1002
bv	uv	1	527958	529169	0.0279746798518129	992
bv	uv	1	529169	530403	0.0292725399108377	997
bv	uv	1	530403	531594	0.0275291553560973	993
bv	uv	1	531594	532803	0.028554527125851	997
bv	uv	1	532803	534026	0.0340832760405553	998
bv	uv	1	534026	535256	0.0257960801952405	998
bv	uv	1	535256	536463	0.0267852286941861	1000
bv	uv	1	536463	537673	0.0207539753237241	1002
bv	uv	1	537673	538947	0.0212614357801101	998
bv	uv	1	538947	540184	0.022003553368867	1002
bv	uv	1	540184	541427	0.0173247690457302	994
bv	uv	1	541427	542684	0.0202864025839543	998
bv	uv	1	542684	543952	0.0292818892473745	999
bv	uv	1	543952	545206	0.0324865819915324	999
bv	uv	1	545206	546437	0.0209136282501676	996
bv	uv	1	546437	547655	0.0294076143707842	996
bv	uv	1	547655	548842	0.022817083097445	996
bv	uv	1	548842	550094	0.0182443547181097	998
bv	uv	1	550094	551316	0.0140841049184446	991
bv	uv	1	551316	552531	0.0236470858713024	1001
bv	uv	1	552531	553715	0.0248514750708473	1001
bv	uv	1	553715	554947	0.022351659800161	995
bv	uv	1	554947	556197	0.0186882448462829	999
bv	uv	1	556197	557439	0.0094914132413216	1002
bv	uv	1	557439	558761	0.0144927536231884	1000
bv	uv	1	558761	559973	0.0275662045045742	998
bv	uv	1	559973	561220	0.0168426770793835	996
bv	uv	1	561220	562432	0.0173075353090048	1002
bv	uv	1	562432	563678	0.0254737338997909	996
bv	uv	1	563678	564880	0.0179320007060277	1000
bv	uv	1	564880	566083	0.0213504710482515	992
bv	uv	1	566083	567258	0.026945130154252	1003
bv	uv	1	567258	568449	0.0198485265996977	1002
bv	uv	1	568449	569710	0.0311016320985817	999
bv	uv	1	569710	570921	0.019811883903651	995
bv	uv	1	570921	572092	0.0282445258118629	997
bv	uv	1	572092	573382	0.0119103395556432	1000
bv	uv	1	573382	574626	0.0188281537762506	1000
bv	uv	1	574626	575790	0.0235268771459037	1001
bv	uv	1	575790	577015	0.0204815575791909	1001
bv	uv	1	577015	578215	0.0235612928097238	999
bv	uv	1	578215	579505	0.0274806930735596	1004
bv	uv	1	579505	580683	0.0288370857408514	1003
bv	uv	1	580683	581911	0.0237277853607423	1000
bv	uv	1	581911	583157	0.0220223869512969	1002
bv	uv	1	583157	584449	0.0249001531164005	999
bv	uv	1	584449	585684	0.0194550939784908	1003
bv	uv	1	585684	586830	0.0194967862285455	998
bv	uv	1	586830	588014	0.0134600812840118	997
bv	uv	1	588014	589251	0.0187290897358732	1001
bv	uv	1	589251	590545	0.0196012061412787	1000
bv	uv	1	590545	591776	0.0154462715453967	1001
bv	uv	1	591776	593041	0.0217397264029388	1000
bv	uv	1	593041	594332	0.0243078722580538	999
bv	uv	1	594332	595607	0.0159839876618811	999
bv	uv	1	595607	596822	0.0217792543373938	1001
bv	uv	1	596822	598121	0.0249806379336459	998
bv	uv	1	598121	599383	0.0213024426222395	996
bv	uv	1	599383	600597	0.0212151374982922	999
bv	uv	1	600597	601817	0.0255695259852792	1000
bv	uv	1	601817	603092	0.0285337155133611	998
bv	uv	1	603092	604359	0.0312213039485766	998
bv	uv	1	604359	605680	0.0272287552450643	1000
bv	uv	1	605680	606891	0.0310158930196737	1001
bv	uv	1	606891	608154	0.0216872074137766	996
bv	uv	1	608154	609382	0.024799116677547	1005
bv	uv	1	609382	610576	0.0218566473788456	997
bv	uv	1	610576	611784	0.0203137666301082	1000
bv	uv	1	611784	612974	0.0267373398491556	1001
bv	uv	1	612974	614208	0.0291662622537125	999
bv	uv	1	614208	615461	0.0290853201003076	1000
bv	uv	1	615461	616743	0.0248118021936614	999
bv	uv	1	616743	618013	0.0234740996187871	1000
bv	uv	1	618013	619272	0.0274282870723067	1002
bv	uv	1	619272	620444	0.0219060685123064	997
bv	uv	1	620444	621705	0.024057982515309	999
bv	uv	1	621705	622917	0.020008367582999	999
bv	uv	1	622917	624276	0.0189992634200923	998
bv	uv	1	624276	625558	0.0243546399939273	996
bv	uv	1	625558	626823	0.0288204105202372	990
bv	uv	1	626823	627994	0.0313508981123035	996
bv	uv	1	627994	629283	0.01861504095309	1001
bv	uv	1	629283	630520	0.0227573671527383	998
bv	uv	1	630520	631781	0.0238535612667899	1002
bv	uv	1	631781	633001	0.0198731057626763	994
bv	uv	1	633001	634261	0.0229978840641199	996
bv	uv	1	634261	635420	0.0271796701488285	998
bv	uv	1	635420	636608	0.028149431829444	1002
bv	uv	1	636608	637838	0.0284795843103581	999
bv	uv	1	637838	639151	0.0320963602858453	1002
bv	uv	1	639151	640415	0.0288259826659646	1000
bv	uv	1	640415	641613	0.0215890983313881	997
bv	uv	1	641613	642809	0.0192509149286423	1001
bv	uv	1	642809	643952	0.0267409053456842	998
bv	uv	1	643952	645205	0.0165378217046677	999
bv	uv	1	645205	646509	0.0230393712183201	995
bv	uv	1	646509	647743	0.0309606059131675	1001
bv	uv	1	647743	648990	0.0314808519363907	997
bv	uv	1	648990	650282	0.0265267088050976	986
bv	uv	1	650282	651599	0.0150504754779176	999
bv	uv	1	651599	652912	0.0291591226634258	998
bv	uv	1	652912	654190	0.0182998477208179	1000
bv	uv	1	654190	655421	0.0231310393912019	1000
bv	uv	1	655421	656674	0.0337593611944529	1006
bv	uv	1	656674	657927	0.0312922982082311	999
bv	uv	1	657927	659205	0.0321152451948885	1002
bv	uv	1	659205	660518	0.0251633243775144	1000
bv	uv	1	660518	661781	0.0247361649480011	999
bv	uv	1	661781	663099	0.0270525635287682	993
bv	uv	1	663099	664370	0.0219867851446798	994
bv	uv	1	664370	665621	0.0225324282117474	998
bv	uv	1	665621	666860	0.0233464032187796	1001
bv	uv	1	666860	668095	0.0199985766137641	998
bv	uv	1	668095	669397	0.0177241400198801	1000
bv	uv	1	669397	670657	0.0222596056053084	1000
bv	uv	1	670657	671984	0.0232238741757468	996
bv	uv	1	671984	673317	0.0217337857107734	1003
bv	uv	1	673317	674554	0.0242181921207758	999
bv	uv	1	674554	675800	0.0275119198576347	1002
bv	uv	1	675800	677081	0.024130391572252	1002
bv	uv	1	677081	678292	0.0132131025791718	1004
bv	uv	1	678292	679588	0.025203170125596	998
bv	uv	1	679588	680866	0.0273818240355605	1002
bv	uv	1	680866	682088	0.027076577870815	999
bv	uv	1	682088	683358	0.0194771969479727	998
bv	uv	1	683358	684619	0.0180840302963017	997
bv	uv	1	684619	685906	0.0234395330172269	999
bv	uv	1	685906	687120	0.0164133269378146	1000
bv	uv	1	687120	688348	0.0239066122971136	998
bv	uv	1	688348	689609	0.0164971531461384	999
bv	uv	1	689609	690908	0.0209756983747676	995
bv	uv	1	690908	692135	0.0154274152756702	999
bv	uv	1	692135	693389	0.0268295028368112	1001
bv	uv	1	693389	694612	0.0288846296109485	999
bv	uv	1	694612	695831	0.0267087276550998	1003
bv	uv	1	695831	697092	0.0232751454696591	998
bv	uv	1	697092	698325	0.0239298791354784	1000
bv	uv	1	698325	699548	0.0182816009942287	1000
bv	uv	1	699548	700784	0.0203236308545272	1004
bv	uv	1	700784	702093	0.0209485761114525	999
bv	uv	1	702093	703312	0.0134129820381659	1000
bv	uv	1	703312	704574	0.0119996193343542	1003
bv	uv	1	704574	705805	0.0183328426873546	1001
bv	uv	1	705805	707140	0.0188703792408087	1000
bv	uv	1	707140	708423	0.0237444974532715	997
bv	uv	1	708423	709687	0.032256231478877	996
bv	uv	1	709687	710932	0.0225165778711895	999
bv	uv	1	710932	712200	0.0297627817887137	997
bv	uv	1	712200	713432	0.0316310302173528	996
bv	uv	1	713432	714764	0.0311933490832791	999
bv	uv	1	714764	715942	0.0316318952130173	995
bv	uv	1	715942	717155	0.0294825511432009	999
bv	uv	1	717155	718357	0.0255031775266729	998
bv	uv	1	718357	719571	0.0312358533272974	997
bv	uv	1	719571	720860	0.0282150963780223	999
bv	uv	1	720860	722175	0.0241504606937078	998
bv	uv	1	722175	723438	0.0250432959620818	997
bv	uv	1	723438	724720	0.0191861795544086	995
bv	uv	1	724720	726044	0.0296036387264457	1002
bv	uv	1	726044	727342	0.0191165853080313	999
bv	uv	1	727342	728603	0.0340547553528191	997
bv	uv	1	728603	729958	0.0182499569643043	1001
bv	uv	1	729958	731151	0.015868938550675	995
bv	uv	1	731151	732368	0.0226464231538533	999
bv	uv	1	732368	733616	0.0179925707044806	1003
bv	uv	1	733616	734912	0.0210295278965132	998
bv	uv	1	734912	736170	0.0216949211211782	996
bv	uv	1	736170	737440	0.0307067152611955	998
bv	uv	1	737440	738728	0.0266273373234324	1001
bv	uv	1	738728	740046	0.0263766288356452	997
bv	uv	1	740046	741373	0.0225042301184433	1001
bv	uv	1	741373	742649	0.0213096721329876	998
bv	uv	1	742649	743920	0.0138356364135422	997
bv	uv	1	743920	745212	0.0298525185836084	1004
bv	uv	1	745212	746525	0.0246503532064637	1000
bv	uv	1	746525	747836	0.023952700266782	1001
bv	uv	1	747836	749180	0.0235225111144002	1001
bv	uv	1	749180	750428	0.020071125834267	997
bv	uv	1	750428	751756	0.0301464254952627	1000
bv	uv	1	751756	753007	0.0276693773760668	999
bv	uv	1	753007	754224	0.0197089008302635	999
bv	uv	1	754224	755500	0.0132912696089591	997
bv	uv	1	755500	756877	0.0231012223595659	1000
bv	uv	1	756877	758171	0.026396265894093	1000
bv	uv	1	758171	759454	0.0249461643873926	997
bv	uv	1	759454	760800	0.0285139879941103	1001
bv	uv	1	760800	762138	0.0274238765370416	992
bv	uv	1	762138	763506	0.0237079380859671	995
bv	uv	1	763506	764737	0.0245499649694733	994
bv	uv	1	764737	766006	0.0215856255160126	993
bv	uv	1	766006	767259	0.0342565301764385	1002
bv	uv	1	767259	768524	0.0261890345350505	998
bv	uv	1	768524	769812	0.0181891852887956	1000
bv	uv	1	769812	771087	0.0153105518825329	1000
bv	uv	1	771087	772339	0.0257355012450844	999
bv	uv	1	772339	773612	0.0328587926677974	998
bv	uv	1	773612	774833	0.0296111014801423	991
bv	uv	1	774833	776108	0.0347769503289711	999
bv	uv	1	776108	777373	0.0265211841912055	991
bv	uv	1	777373	778689	0.0230545564788402	996
bv	uv	1	778689	779957	0.0405670003585119	1000
bv	uv	1	779957	781194	0.0337244683581071	998
bv	uv	1	781194	782514	0.0278099951029665	997
bv	uv	1	782514	783822	0.028445092893059	999
bv	uv	1	783822	785064	0.0300457217504898	1002
bv	uv	1	785064	786314	0.0215512339360855	1000
bv	uv	1	786314	787630	0.0228691423138022	1000
bv	uv	1	787630	788878	0.0268010245056543	1001
bv	uv	1	788878	790160	0.0257795681735831	997
bv	uv	1	790160	791396	0.0199534329651288	996
bv	uv	1	791396	792623	0.0251416813037522	996
bv	uv	1	792623	793960	0.0292801816239316	997
bv	uv	1	793960	795211	0.0352838492296269	993
bv	uv	1	795211	796446	0.0339188613928981	997
bv	uv	1	796446	797732	0.0212993779632297	997
bv	uv	1	797732	799062	0.0296722217924806	998
bv	uv	1	799062	800315	0.0302196902727302	1001
bv	uv	1	800315	801591	0.0240472277413921	1000
bv	uv	1	801591	802969	0.0145762853443595	995
bv	uv	1	802969	804272	0.0115821055630981	1002
bv	uv	1	804272	805589	0.0246302423222247	1001
bv	uv	1	805589	806934	0.0322248131339724	1000
bv	uv	1	806934	808209	0.0232934161992825	999
bv	uv	1	808209	809508	0.0247073761720201	1002
bv	uv	1	809508	810765	0.0213451144124025	1000
bv	uv	1	810765	812022	0.0198492929192078	999
bv	uv	1	812022	813269	0.0208589715493068	999
bv	uv	1	813269	814661	0.0240413805987576	998
bv	uv	1	814661	816017	0.015256143540614	998
bv	uv	1	816017	817280	0.018847315567147	998
bv	uv	1	817280	818545	0.020361166919272	997
bv	uv	1	818545	819871	0.0252373034019261	994
bv	uv	1	819871	821092	0.0321416284565363	998
bv	uv	1	821092	822370	0.0181437423828896	1003
bv	uv	1	822370	823714	0.0244947511247589	1003
bv	uv	1	823714	825045	0.0266975156706376	999
bv	uv	1	825045	826397	0.0235491019456702	1000
bv	uv	1	826397	827729	0.0234476588750533	1000
bv	uv	1	827729	829038	0.0249512572974987	998
bv	uv	1	829038	830328	0.0262787294671639	1001
bv	uv	1	830328	831675	0.0276018175982702	1000
bv	uv	1	831675	832970	0.0248735987420872	1001
bv	uv	1	832970	834296	0.0208045018638381	996
bv	uv	1	834296	835608	0.015812238530809	998
bv	uv	1	835608	836890	0.0130761199224382	997
bv	uv	1	836890	838221	0.0194791891607559	1000
bv	uv	1	838221	839517	0.0193944587260782	1001
bv	uv	1	839517	840819	0.0122463791665312	999
bv	uv	1	840819	842103	0.0203191731933459	997
bv	uv	1	842103	843401	0.0260395364689843	1000
bv	uv	1	843401	844710	0.0195430729112115	1000
bv	uv	1	844710	846016	0.0255529357111797	1000
bv	uv	1	846016	847313	0.023279250803794	1000
bv	uv	1	847313	848628	0.0188781707752768	1000
bv	uv	1	848628	849941	0.0260248590625193	1000
bv	uv	1	849941	851221	0.0291490362012223	998
bv	uv	1	851221	852579	0.0274284947859034	1000
bv	uv	1	852579	853927	0.0235469577201172	999
bv	uv	1	853927	855256	0.0246078138095892	999
bv	uv	1	855256	856580	0.0297922822096875	1001
bv	uv	1	856580	857871	0.0284684564615593	1001
bv	uv	1	857871	859206	0.023633890170431	996
bv	uv	1	859206	860643	0.0287139116754039	997
bv	uv	1	860643	861955	0.016078535128044	1001
bv	uv	1	861955	863266	0.0152816761645544	1000
bv	uv	1	863266	864555	0.0190238107902061	988
bv	uv	1	864555	865974	0.011845160354085	995
bv	uv	1	865974	867382	0.0253993987908264	1001
bv	uv	1	867382	868684	0.0266510848950647	1000
bv	uv	1	868684	870021	0.0219122237085164	998
bv	uv	1	870021	871315	0.0224063842848373	998
bv	uv	1	871315	872596	0.023838950685328	996
bv	uv	1	872596	873949	0.0199910930773417	1000
bv	uv	1	873949	875345	0.0299065420560747	998
bv	uv	1	875345	876569	0.0340586277330184	999
bv	uv	1	876569	877926	0.025852420686369	998
bv	uv	1	877926	879232	0.0282977503457114	999
bv	uv	1	879232	880513	0.0316799478643892	998
bv	uv	1	880513	881882	0.0254290675825951	1001
bv	uv	1	881882	883167	0.0213171846232337	1000
bv	uv	1	883167	884556	0.0180845644421803	995
bv	uv	1	884556	885921	0.0185514255035444	994
bv	uv	1	885921	887189	0.0193237972143429	996
bv	uv	1	887189	888471	0.017001519356947	999
bv	uv	1	888471	889770	0.0192050852901895	996
bv	uv	1	889770	891198	0.01734477661434	993
bv	uv	1	891198	892518	0.0233159930638922	997
bv	uv	1	892518	893818	0.0183729596901495	1004
bv	uv	1	893818	895166	0.0206134755068875	997
bv	uv	1	895166	896522	0.017367792853141	1001
bv	uv	1	896522	898007	0.0201356646580394	1000
bv	uv	1	898007	899378	0.0258435811819637	1003
bv	uv	1	899378	900733	0.0293735363167142	992
bv	uv	1	900733	902010	0.0144879634220239	998
bv	uv	1	902010	903310	0.0074912676752361	998
bv	uv	1	903310	904659	0.0228366668687866	997
bv	uv	1	904659	906041	0.024087101344801	1001
bv	uv	1	906041	907331	0.0266838978160331	998
bv	uv	1	907331	908816	0.0251963046546813	998
bv	uv	1	908816	910236	0.0162526534117608	998
bv	uv	1	910236	911625	0.0144599325810524	1002
bv	uv	1	911625	913036	0.0218372596112899	999
bv	uv	1	913036	914469	0.02342717420037	997
bv	uv	1	914469	915798	0.0194317347342258	1004
bv	uv	1	915798	917190	0.0373264696457551	1000
bv	uv	1	917190	918624	0.0190518990617041	995
bv	uv	1	918624	920098	0.0274786779650761	995
bv	uv	1	920098	921514	0.0237215928738398	1001
bv	uv	1	921514	922863	0.0268133219629068	999
bv	uv	1	922863	924148	0.0346567085953878	995
bv	uv	1	924148	925517	0.0348723380354019	1003
bv	uv	1	925517	926885	0.0339424866488835	997
bv	uv	1	926885	928319	0.0261978340154235	996
bv	uv	1	928319	929720	0.026669530213169	997
bv	uv	1	929720	931088	0.0363367765925776	999
bv	uv	1	931088	932493	0.022063768908952	996
bv	uv	1	932493	933897	0.027401622652865	997
bv	uv	1	933897	935340	0.0235769112857977	999
bv	uv	1	935340	936817	0.024776552102397	994
bv	uv	1	936817	938126	0.0425134953605811	998
bv	uv	1	938126	939553	0.0302510494597723	999
bv	uv	1	939553	940965	0.0263196707024388	999
bv	uv	1	940965	942372	0.0330233995806287	997
bv	uv	1	942372	943780	0.0335421342355318	999
bv	uv	1	943780	945154	0.0317129958111936	999
bv	uv	1	945154	946612	0.0296118447378951	1000
bv	uv	1	946612	948070	0.0301725894946233	999
bv	uv	1	948070	949500	0.0259441816175276	1002
bv	uv	1	949500	950912	0.0186503899626992	1002
bv	uv	1	950912	952254	0.0330293882716625	997
bv	uv	1	952254	953624	0.0405213575945283	999
bv	uv	1	953624	955047	0.0186883971166172	1002
bv	uv	1	955047	956474	0.0274203902402183	1000
bv	uv	1	956474	957870	0.0268834688346883	998
bv	uv	1	957870	959323	0.0230599993132974	995
bv	uv	1	959323	960787	0.0259680017542527	1001
bv	uv	1	960787	962261	0.0209871723973412	1000
bv	uv	1	962261	963797	0.0265172735760971	1000
bv	uv	1	963797	965253	0.0205472339398429	991
bv	uv	1	965253	966701	0.0260744993690525	998
bv	uv	1	966701	968222	0.0334195200927917	998
bv	uv	1	968222	969741	0.0343706913531613	1002
bv	uv	1	969741	971147	0.0245227523932632	998
bv	uv	1	971147	972629	0.0209331508099475	997
bv	uv	1	972629	974084	0.0161704283841688	997
bv	uv	1	974084	975606	0.0169775087611059	1001
bv	uv	1	975606	977093	0.0126813874831096	1001
bv	uv	1	977093	978603	0.0204979236712766	997
bv	uv	1	978603	980044	0.0284265678866652	1001
bv	uv	1	980044	981536	0.0310284279078037	1000
bv	uv	1	981536	983050	0.0412761059036342	995
bv	uv	1	983050	984535	0.0304357636814929	996
bv	uv	1	984535	986029	0.0406580493537015	995
bv	uv	1	986029	987550	0.0300985852880416	1000
bv	uv	1	987550	989072	0.045474096415745	1000
bv	uv	1	989072	990213	0.0347144835038665	1000
bv	uv	1	990213	990773	0.0405775356024112	1004
bv	uv	1	990773	991308	0.046513636285127	998
bv	uv	1	991308	991864	0.0347899728997289	1001
bv	uv	1	991864	992428	0.0419875054482057	993
bv	uv	1	992428	992997	0.0337054289591114	999
bv	uv	1	992997	993523	0.0246374244839325	1001
bv	uv	1	993523	994058	0.0309286225166482	999
bv	uv	1	994058	994603	0.0321814637604111	998
bv	uv	1	994603	995167	0.0272665092475158	1003
bv	uv	1	995167	995698	0.027878836877139	1004
bv	uv	1	995698	996248	0.02558341664176	998
bv	uv	1	996248	996808	0.0335149825977231	1000
bv	uv	1	996808	997360	0.029986789499918	1000
bv	uv	1	997360	997915	0.0456692913385826	998
bv	uv	1	997915	998456	0.0549452712812032	996
bv	uv	1	998456	999050	0.0461672189217627	996
bv	uv	1	999050	999627	0.0377638101078235	997
bv	uv	1	999627	1000404	0.0257300060259752	1001
bv	uv	1	1000404	1001704	0.01651969869488	994
bv	uv	1	1001704	1002982	0.0230897726048065	996
bv	uv	1	1002982	1004234	0.0217434669858368	996
bv	uv	1	1004234	1005485	0.0191747733439216	1001
bv	uv	1	1005485	1006689	0.0098989429066191	999
bv	uv	1	1006689	1007846	0.0263778043535444	999
bv	uv	1	1007846	1009086	0.0207063360118223	997
bv	uv	1	1009086	1010347	0.0180094888129355	1000
bv	uv	1	1010347	1011550	0.0142876495103312	1000
bv	uv	1	1011550	1012783	0.0262258698924376	1001
bv	uv	1	1012783	1014005	0.0301242730928901	996
bv	uv	1	1014005	1015270	0.0264961282501669	998
bv	uv	1	1015270	1016498	0.0179705172515283	998
bv	uv	1	1016498	1017750	0.0267900957323818	995
bv	uv	1	1017750	1018955	0.0231892924609307	1000
bv	uv	1	1018955	1020148	0.0218761838526736	1000
bv	uv	1	1020148	1021361	0.032554433549604	999
bv	uv	1	1021361	1022615	0.0260937839799587	997
bv	uv	1	1022615	1023826	0.0166603725049121	998
bv	uv	1	1023826	1025046	0.0250287447779125	995
bv	uv	1	1025046	1026263	0.0222026932719894	998
bv	uv	1	1026263	1027526	0.0142502555117535	1001
bv	uv	1	1027526	1028807	0.0187919987498046	996
bv	uv	1	1028807	1030054	0.0205191706387574	1000
bv	uv	1	1030054	1031275	0.0213866459123779	1000
bv	uv	1	1031275	1032488	0.0199632128851993	998
bv	uv	1	1032488	1033740	0.0182228108609396	995
bv	uv	1	1033740	1034989	0.0215073913834638	997
bv	uv	1	1034989	1036191	0.0213450928859543	999
bv	uv	1	1036191	1037368	0.0295715015894101	1001
bv	uv	1	1037368	1038540	0.0312214202299044	999
bv	uv	1	1038540	1039798	0.0294588128707124	1000
bv	uv	1	1039798	1041009	0.0354650446393565	998
bv	uv	1	1041009	1042169	0.0374433126765914	999
bv	uv	1	1042169	1043350	0.0354963348138518	1001
bv	uv	1	1043350	1044572	0.0342886329449271	1000
bv	uv	1	1044572	1045802	0.0275108421982309	998
bv	uv	1	1045802	1047064	0.0260754027570171	1005
bv	uv	1	1047064	1048317	0.0275093766121498	1002
bv	uv	1	1048317	1049602	0.0268869290216253	999
bv	uv	1	1049602	1050863	0.0226556534271179	1000
bv	uv	1	1050863	1052051	0.0251156916992763	993
bv	uv	1	1052051	1053271	0.0273647382231663	1000
bv	uv	1	1053271	1054526	0.0337792983007054	1004
bv	uv	1	1054526	1055747	0.020748688956467	999
bv	uv	1	1055747	1057040	0.0331484843209907	1002
bv	uv	1	1057040	1058351	0.0202284068455072	993
bv	uv	1	1058351	1059597	0.0266471680515755	1001
bv	uv	1	1059597	1060858	0.0279965004374453	999
bv	uv	1	1060858	1062145	0.0293202719671513	998
bv	uv	1	1062145	1063402	0.0371908316443389	998
bv	uv	1	1063402	1064563	0.026362529042782	994
bv	uv	1	1064563	1065763	0.0224911005966065	997
bv	uv	1	1065763	1067014	0.0214185788925443	995
bv	uv	1	1067014	1068255	0.0269238979613619	998
bv	uv	1	1068255	1069471	0.0292862973539549	1000
bv	uv	1	1069471	1070654	0.0287259734585621	1001
bv	uv	1	1070654	1071824	0.0141782690447465	996
bv	uv	1	1071824	1073109	0.0187684116532725	995
bv	uv	1	1073109	1074394	0.0178420745388699	998
bv	uv	1	1074394	1075626	0.0168362747888793	993
bv	uv	1	1075626	1076897	0.0269454432458827	998
bv	uv	1	1076897	1078106	0.0184503086264022	995
bv	uv	1	1078106	1079401	0.0243815332206975	997
bv	uv	1	1079401	1080622	0.0239055467882401	997
bv	uv	1	1080622	1081870	0.0180051217329188	998
bv	uv	1	1081870	1083066	0.0215798963263466	996
bv	uv	1	1083066	1084251	0.0118601901235174	998
bv	uv	1	1084251	1085417	0.0247406667776113	1002
bv	uv	1	1085417	1086690	0.0269481929389015	1004
bv	uv	1	1086690	1087891	0.0203028969746276	998
bv	uv	1	1087891	1089062	0.0194926045645998	996
bv	uv	1	1089062	1090290	0.0164969043339324	997
bv	uv	1	1090290	1091567	0.0343771816935409	999
bv	uv	1	1091567	1092786	0.0229941371482697	1002
bv	uv	1	1092786	1094002	0.0212008281573498	1002
bv	uv	1	1094002	1095340	0.0256624757030731	995
bv	uv	1	1095340	1096613	0.0268888888888888	999
bv	uv	1	1096613	1097932	0.0245534565295722	997
bv	uv	1	1097932	1099182	0.0181097421857175	999
bv	uv	1	1099182	1100375	0.013924550661663	999
bv	uv	1	1100375	1101569	0.0224523046776093	1001
bv	uv	1	1101569	1102752	0.0187051971326164	997
bv	uv	1	1102752	1103939	0.0185142215461652	992
bv	uv	1	1103939	1105186	0.027462328325398	999
bv	uv	1	1105186	1106491	0.0251245968924069	999
bv	uv	1	1106491	1107683	0.0235390276116215	999
bv	uv	1	1107683	1108965	0.0215314157688379	999
bv	uv	1	1108965	1110238	0.0265621349675919	1000
bv	uv	1	1110238	1111468	0.027448462095765	1002
bv	uv	1	1111468	1112738	0.0275278277677797	1001
bv	uv	1	1112738	1114027	0.0171109758929542	1000
bv	uv	1	1114027	1115278	0.0292220539570362	995
bv	uv	1	1115278	1116474	0.0160317815763064	999
bv	uv	1	1116474	1117709	0.0234480377240404	1000
bv	uv	1	1117709	1118980	0.0151700686017019	996
bv	uv	1	1118980	1120141	0.0139239919624185	1000
bv	uv	1	1120141	1121394	0.0225375152855048	993
bv	uv	1	1121394	1122641	0.0213565916890725	999
bv	uv	1	1122641	1123823	0.0284880671387359	997
bv	uv	1	1123823	1125056	0.0241149187298579	1000
bv	uv	1	1125056	1126311	0.0227160373765124	993
bv	uv	1	1126311	1127502	0.0253351511020222	996
bv	uv	1	1127502	1128710	0.0167248870855771	998
bv	uv	1	1128710	1129929	0.0204388264210414	1003
bv	uv	1	1129929	1131127	0.0264227116275458	1000
bv	uv	1	1131127	1132413	0.017524235645041	992
bv	uv	1	1132413	1133672	0.019057342181385	993
bv	uv	1	1133672	1134885	0.0169662840228142	1000
bv	uv	1	1134885	1136085	0.0198763263027943	990
bv	uv	1	1136085	1137398	0.0233359252849056	998
bv	uv	1	1137398	1138707	0.0235573877053968	1001
bv	uv	1	1138707	1139995	0.0234371891289642	1000
bv	uv	1	1139995	1141281	0.0324254877436591	1000
bv	uv	1	1141281	1142515	0.0191364340956294	991
bv	uv	1	1142515	1143760	0.0146025333501662	998
bv	uv	1	1143760	1144965	0.0188978906146974	992
bv	uv	1	1144965	1146250	0.0120074758698379	993
bv	uv	1	1146250	1147491	0.0180526669087627	1001
bv	uv	1	1147491	1148761	0.0183229401259109	999
bv	uv	1	1148761	1149999	0.0223305572482903	999
bv	uv	1	1149999	1151196	0.0214216163583252	1002
bv	uv	1	1151196	1152438	0.021846224309916	999
bv	uv	1	1152438	1153727	0.0199736086140583	996
bv	uv	1	1153727	1155039	0.0153492418593089	1000
bv	uv	1	1155039	1156306	0.0271875983632357	994
bv	uv	1	1156306	1157534	0.0274834996524056	996
bv	uv	1	1157534	1158776	0.030502193612336	1003
bv	uv	1	1158776	1159999	0.0246147882546758	1001
bv	uv	1	1159999	1161254	0.0391909996287508	1001
bv	uv	1	1161254	1162487	0.016644351899767	999
bv	uv	1	1162487	1163730	0.0234041700309803	1000
bv	uv	1	1163730	1164949	0.0209040506902014	997
bv	uv	1	1164949	1166290	0.022679188884175	999
bv	uv	1	1166290	1167516	0.032269345433245	1000
bv	uv	1	1167516	1168689	0.0232226730067326	1000
bv	uv	1	1168689	1169931	0.0159294031407708	997
bv	uv	1	1169931	1171164	0.0212054907851909	999
bv	uv	1	1171164	1172369	0.019745297347821	998
bv	uv	1	1172369	1173627	0.0182323066242829	999
bv	uv	1	1173627	1174938	0.0154528337622692	999
bv	uv	1	1174938	1176160	0.0195616573569329	1002
bv	uv	1	1176160	1177350	0.030526435765496	999
bv	uv	1	1177350	1178665	0.0239984882842025	1004
bv	uv	1	1178665	1179856	0.0238493345355755	1001
bv	uv	1	1179856	1181080	0.0223616840009784	996
bv	uv	1	1181080	1182276	0.0305890074202317	1002
bv	uv	1	1182276	1183523	0.021069581366515	1001
bv	uv	1	1183523	1184836	0.0228492366259587	999
bv	uv	1	1184836	1186038	0.0181533030596129	998
bv	uv	1	1186038	1187272	0.0213256551611128	1002
bv	uv	1	1187272	1188511	0.031430387050287	999
bv	uv	1	1188511	1189743	0.0347757765896578	1003
bv	uv	1	1189743	1190988	0.0221280015518698	999
bv	uv	1	1190988	1192345	0.0173415193921768	1000
bv	uv	1	1192345	1193641	0.0187100074638756	1000
bv	uv	1	1193641	1194945	0.0210419530073957	1001
bv	uv	1	1194945	1196208	0.019350466753641	1002
bv	uv	1	1196208	1197462	0.0194949823569158	995
bv	uv	1	1197462	1198685	0.0262431309475941	1002
bv	uv	1	1198685	1199937	0.0307691447486133	999
bv	uv	1	1199937	1201224	0.0282576879443679	999
bv	uv	1	1201224	1202491	0.0225070230555694	994
bv	uv	1	1202491	1203737	0.0228161297926471	1000
bv	uv	1	1203737	1205038	0.0298459892633148	995
bv	uv	1	1205038	1206242	0.0303425827451738	993
bv	uv	1	1206242	1207453	0.0252079970197442	993
bv	uv	1	1207453	1208661	0.0234766940360056	999
bv	uv	1	1208661	1209916	0.0166954519286125	999
bv	uv	1	1209916	1211225	0.0290618923087239	998
bv	uv	1	1211225	1212473	0.0310724933420003	999
bv	uv	1	1212473	1213745	0.0298390544548802	1003
bv	uv	1	1213745	1214970	0.0305464400581215	999
bv	uv	1	1214970	1216295	0.02858493184185	1003
bv	uv	1	1216295	1217560	0.0195903371291133	999
bv	uv	1	1217560	1218819	0.0209127003263088	996
bv	uv	1	1218819	1220040	0.0180678525542815	998
bv	uv	1	1220040	1221257	0.0269567699543006	1000
bv	uv	1	1221257	1222493	0.0276451431229951	995
bv	uv	1	1222493	1223758	0.0202264838978955	994
bv	uv	1	1223758	1225049	0.0251500769347463	992
bv	uv	1	1225049	1226250	0.0143325210299352	1000
bv	uv	1	1226250	1227441	0.0141491038717792	999
bv	uv	1	1227441	1228710	0.0173807469887216	997
bv	uv	1	1228710	1230040	0.0282088257730127	997
bv	uv	1	1230040	1231266	0.0294401892480563	996
bv	uv	1	1231266	1232516	0.0267259167041302	998
bv	uv	1	1232516	1233732	0.0272346092855006	997
bv	uv	1	1233732	1235075	0.0241278985877951	998
bv	uv	1	1235075	1236262	0.0221938413509294	999
bv	uv	1	1236262	1237507	0.0150443252646948	1002
bv	uv	1	1237507	1238892	0.0241769675435902	1002
bv	uv	1	1238892	1240203	0.0235950449851526	1002
bv	uv	1	1240203	1241418	0.016597661378594	1002
bv	uv	1	1241418	1242677	0.0142993432729854	1001
bv	uv	1	1242677	1243980	0.014097659105583	1000
bv	uv	1	1243980	1245277	0.0175385444018043	997
bv	uv	1	1245277	1246538	0.0111196210251609	998
bv	uv	1	1246538	1247687	0.0146765767221414	1002
bv	uv	1	1247687	1248949	0.01204967933888	998
bv	uv	1	1248949	1250161	0.0121158681950295	1000
bv	uv	1	1250161	1251448	0.0193276449850313	999
bv	uv	1	1251448	1252720	0.0297639809324497	1002
bv	uv	1	1252720	1254034	0.0140706881824687	998
bv	uv	1	1254034	1255392	0.0343846500815377	999
bv	uv	1	1255392	1256572	0.0242324725083345	1003
bv	uv	1	1256572	1257913	0.0191970631667563	1000
bv	uv	1	1257913	1259212	0.0076597325624258	998
bv	uv	1	1259212	1260470	0.0206836306252994	996
bv	uv	1	1260470	1261715	0.0227810177821538	1002
bv	uv	1	1261715	1263029	0.0211924980493333	998
bv	uv	1	1263029	1264325	0.0168322671385145	1000
bv	uv	1	1264325	1265597	0.018667533663876	1000
bv	uv	1	1265597	1266806	0.0206377770212214	999
bv	uv	1	1266806	1268157	0.0140644859187905	998
bv	uv	1	1268157	1269483	0.0261988361529206	998
bv	uv	1	1269483	1270806	0.0202404270845335	997
bv	uv	1	1270806	1272081	0.0293414941880754	998
bv	uv	1	1272081	1273391	0.0281037194403959	994
bv	uv	1	1273391	1274696	0.0229905006537308	1001
bv	uv	1	1274696	1276014	0.0146396396396396	1001
bv	uv	1	1276014	1277243	0.018196727031648	997
bv	uv	1	1277243	1278590	0.0253554402396321	999
bv	uv	1	1278590	1279865	0.0261498057196981	998
bv	uv	1	1279865	1281202	0.030780443013163	1000
bv	uv	1	1281202	1282458	0.022524258608168	1003
bv	uv	1	1282458	1283708	0.0206858581091709	1000
bv	uv	1	1283708	1284918	0.0243405399540025	996
bv	uv	1	1284918	1286231	0.0219690453392191	997
bv	uv	1	1286231	1287498	0.0170887949317452	998
bv	uv	1	1287498	1288766	0.0218849504598425	996
bv	uv	1	1288766	1290124	0.0171337152293956	1002
bv	uv	1	1290124	1291458	0.0162295859592058	998
bv	uv	1	1291458	1292751	0.0146177932067252	999
bv	uv	1	1292751	1294132	0.0179716517596895	996
bv	uv	1	1294132	1295492	0.0209621671586098	1001
bv	uv	1	1295492	1296749	0.0228312753144537	995
bv	uv	1	1296749	1298044	0.0267706516269161	992
bv	uv	1	1298044	1299371	0.0131860011315482	1001
bv	uv	1	1299371	1300640	0.023294166151309	1001
bv	uv	1	1300640	1301970	0.0273282526201922	991
bv	uv	1	1301970	1303372	0.0226839646036179	1001
bv	uv	1	1303372	1304691	0.0223981646786893	995
bv	uv	1	1304691	1306046	0.0218172150667187	999
bv	uv	1	1306046	1307448	0.0173514705967951	998
bv	uv	1	1307448	1308798	0.0180970044399482	1000
bv	uv	1	1308798	1310013	0.0232014913640141	993
bv	uv	1	1310013	1311272	0.0209595089205114	1001
bv	uv	1	1311272	1312540	0.0278869422400265	995
bv	uv	1	1312540	1313813	0.0223172487038667	996
bv	uv	1	1313813	1315167	0.0180578224002725	997
bv	uv	1	1315167	1316530	0.01588195275295	1001
bv	uv	1	1316530	1317811	0.0263631751765814	997
bv	uv	1	1317811	1319147	0.0115906673127586	1001
bv	uv	1	1319147	1320439	0.0123909875818272	999
bv	uv	1	1320439	1321679	0.0178589210673813	1000
bv	uv	1	1321679	1322928	0.017612882073773	1000
bv	uv	1	1322928	1324201	0.0222352236930136	1001
bv	uv	1	1324201	1325500	0.0233723805368151	998
bv	uv	1	1325500	1326823	0.0218272683645269	1000
bv	uv	1	1326823	1328085	0.0261483812975631	998
bv	uv	1	1328085	1329408	0.0235854716237294	1000
bv	uv	1	1329408	1330744	0.0186152655421247	996
bv	uv	1	1330744	1332004	0.029446367564877	996
bv	uv	1	1332004	1333389	0.0145916079118436	1002
bv	uv	1	1333389	1334731	0.0253299858311168	999
bv	uv	1	1334731	1336055	0.0216466860065475	998
bv	uv	1	1336055	1337411	0.0309719325112877	1000
bv	uv	1	1337411	1338743	0.0225111351871915	999
bv	uv	1	1338743	1340033	0.0277136785008176	997
bv	uv	1	1340033	1341329	0.0139043611007963	998
bv	uv	1	1341329	1342655	0.0251700397567496	998
bv	uv	1	1342655	1343963	0.0114140286856447	1001
bv	uv	1	1343963	1345336	0.0210289914250714	996
bv	uv	1	1345336	1346623	0.0170507405669309	994
bv	uv	1	1346623	1347900	0.023263897509745	1000
bv	uv	1	1347900	1349139	0.0193206048472418	994
bv	uv	1	1349139	1350441	0.0227589987012601	998
bv	uv	1	1350441	1351781	0.02805635436553	999
bv	uv	1	1351781	1353052	0.0281177709375193	999
bv	uv	1	1353052	1354394	0.0232756484506912	996
bv	uv	1	1354394	1355798	0.0193964334705075	997
bv	uv	1	1355798	1357129	0.0192416291337823	996
bv	uv	1	1357129	1358553	0.0304798407565205	999
bv	uv	1	1358553	1359824	0.0239029591522666	998
bv	uv	1	1359824	1361156	0.0148290140821695	996
bv	uv	1	1361156	1362426	0.0154298515040687	998
bv	uv	1	1362426	1363771	0.0229772830827312	993
bv	uv	1	1363771	1365052	0.0259598603839441	998
bv	uv	1	1365052	1366372	0.0193785641051712	1000
bv	uv	1	1366372	1367666	0.0222113476334176	1002
bv	uv	1	1367666	1368897	0.0188596850350719	997
bv	uv	1	1368897	1370290	0.0278963134026139	1000
bv	uv	1	1370290	1371630	0.024295176374032	1002
bv	uv	1	1371630	1372983	0.0188274911985305	997
bv	uv	1	1372983	1374288	0.01958047317196	1000
bv	uv	1	1374288	1375648	0.0281515051377677	997
bv	uv	1	1375648	1376950	0.0276671946121027	1000
bv	uv	1	1376950	1378333	0.0280300991342573	999
bv	uv	1	1378333	1379658	0.0336044166749314	994
bv	uv	1	1379658	1381022	0.032515026432037	1000
bv	uv	1	1381022	1382275	0.0315767784474321	1001
bv	uv	1	1382275	1383606	0.0208487271989684	999
bv	uv	1	1383606	1384822	0.0255601223343158	999
bv	uv	1	1384822	1386146	0.0185584228260425	996
bv	uv	1	1386146	1387483	0.0199979850896635	998
bv	uv	1	1387483	1388852	0.027743831234079	999
bv	uv	1	1388852	1390208	0.0246063587982454	1001
bv	uv	1	1390208	1391519	0.0295533315476335	1000
bv	uv	1	1391519	1392858	0.0344234622241153	998
bv	uv	1	1392858	1394207	0.0374616072940095	1000
bv	uv	1	1394207	1395486	0.0208580942897219	999
bv	uv	1	1395486	1396847	0.0161305722646267	992
bv	uv	1	1396847	1398177	0.0161986042438384	999
bv	uv	1	1398177	1399436	0.0189505563014188	999
bv	uv	1	1399436	1400726	0.026250348361095	994
bv	uv	1	1400726	1402020	0.0313849633193664	998
bv	uv	1	1402020	1403370	0.0249637178832323	993
bv	uv	1	1403370	1404628	0.0289723553992231	997
bv	uv	1	1404628	1405951	0.0237304021813224	999
bv	uv	1	1405951	1407269	0.0279161724001581	995
bv	uv	1	1407269	1408626	0.0340270841622884	998
bv	uv	1	1408626	1409865	0.0385964350773875	1000
bv	uv	1	1409865	1411293	0.0274473213591478	1002
bv	uv	1	1411293	1412616	0.0259021848370451	1002
bv	uv	1	1412616	1413942	0.0287507537137532	1001
bv	uv	1	1413942	1415248	0.0282643484278361	1000
bv	uv	1	1415248	1416510	0.0288568257491675	1000
bv	uv	1	1416510	1417890	0.021120485739246	992
bv	uv	1	1417890	1419225	0.0353914457333973	997
bv	uv	1	1419225	1420575	0.019651927720876	998
bv	uv	1	1420575	1421933	0.0261502244721519	997
bv	uv	1	1421933	1423319	0.0269082207984495	1002
bv	uv	1	1423319	1424696	0.0273290306796756	998
bv	uv	1	1424696	1426097	0.0206767323310869	997
bv	uv	1	1426097	1427504	0.0256361278970155	988
bv	uv	1	1427504	1428890	0.0223308219642978	1001
bv	uv	1	1428890	1430214	0.0209446740951364	999
bv	uv	1	1430214	1431486	0.0212354648461046	999
bv	uv	1	1431486	1432869	0.0318215403518384	1000
bv	uv	1	1432869	1434269	0.0242811941119823	995
bv	uv	1	1434269	1435681	0.0257829314358501	996
bv	uv	1	1435681	1437081	0.0254158152615736	1001
bv	uv	1	1437081	1438526	0.0289580223002326	991
bv	uv	1	1438526	1439882	0.0403155370861774	999
bv	uv	1	1439882	1441238	0.0254393441977309	996
bv	uv	1	1441238	1442710	0.0238116859708359	995
bv	uv	1	1442710	1444108	0.0235335748982999	993
bv	uv	1	1444108	1445558	0.0227273378060688	997
bv	uv	1	1445558	1446916	0.0234956051386071	1000
bv	uv	1	1446916	1448348	0.0274460507018646	1001
bv	uv	1	1448348	1449770	0.0225619712037999	996
bv	uv	1	1449770	1451232	0.0299621655553858	997
bv	uv	1	1451232	1452680	0.031941394435649	1000
bv	uv	1	1452680	1454126	0.0273420507546359	1000
bv	uv	1	1454126	1455509	0.0271952971409506	996
bv	uv	1	1455509	1456991	0.0211865823885488	989
bv	uv	1	1456991	1458450	0.0252620753715498	998
bv	uv	1	1458450	1459863	0.0269013172332214	998
bv	uv	1	1459863	1461250	0.0239008379391241	999
bv	uv	1	1461250	1462646	0.0122172120090954	1001
bv	uv	1	1462646	1464046	0.0249201807853381	999
bv	uv	1	1464046	1465519	0.029545891751819	994
bv	uv	1	1465519	1466894	0.021057803076506	1001
bv	uv	1	1466894	1468312	0.0229388771867526	1001
bv	uv	1	1468312	1469721	0.0254524031303987	997
bv	uv	1	1469721	1471156	0.026322147031599	1002
bv	uv	1	1471156	1472596	0.0276892571347638	1001
bv	uv	1	1472596	1473998	0.019541129370669	996
bv	uv	1	1473998	1475439	0.0268598848061009	998
bv	uv	1	1475439	1476759	0.0281958659442103	997
bv	uv	1	1476759	1478140	0.0338762749598286	1001
bv	uv	1	1478140	1479509	0.0428990673874354	998
bv	uv	1	1479509	1480939	0.034065752343154	996
bv	uv	1	1480939	1482343	0.0410656891651393	1000
bv	uv	1	1482343	1483750	0.031378117954766	997
bv	uv	1	1483750	1485235	0.0256756376726004	995
bv	uv	1	1485235	1486589	0.0281428551174627	998
bv	uv	1	1486589	1488113	0.0342357572260286	999
bv	uv	1	1488113	1489645	0.0306436960612549	998
bv	uv	1	1489645	1490473	0.0184208984946992	997
bv	uv	1	1490473	1491105	0.0264516065849908	1004
bv	uv	1	1491105	1491711	0.0227975675604833	999
bv	uv	1	1491711	1492360	0.0312077078754919	1000
bv	uv	1	1492360	1492932	0.026824583248873	999
bv	uv	1	1492932	1493542	0.020684388618978	1002
bv	uv	1	1493542	1494204	0.0312630945517213	1001
bv	uv	1	1494204	1494840	0.0166612106828163	995
bv	uv	1	1494840	1495464	0.0209212871751571	998
bv	uv	1	1495464	1496094	0.0192179008523917	1002
bv	uv	1	1496094	1496703	0.0193411617467706	1000
bv	uv	1	1496703	1497272	0.0173681392998894	1002
bv	uv	1	1497272	1497859	0.0222429223389838	998
bv	uv	1	1497859	1498440	0.0238382175714999	998
bv	uv	1	1498440	1499034	0.0270074828648682	998
bv	uv	1	1499034	1499626	0.0309148186502716	998
bv	uv	1	1499626	1500000	0.0310978308986277	615
