pop1	pop2	chromosome	window_pos_1	window_pos_2	avg_dxy	no_sites	count_diffs	count_comparisons	count_missing
bv	uv	1	1	1501	0.1165148857319332	1619	471594	4047500	0
bv	uv	1	1501	3107	0.1208661436330718	1657	500688	4142500	0
bv	uv	1	3107	4659	0.1251831265508685	1612	504488	4030000	0
bv	uv	1	4659	6178	0.1214962056303549	1634	496312	4085000	0
bv	uv	1	6178	7767	0.1278322188449848	1645	525710	4112500	0
bv	uv	1	7767	9272	0.1301986494782075	1629	530234	4072500	0
bv	uv	1	9272	10807	0.1146884012539184	1595	457320	3987500	0
bv	uv	1	10807	12356	0.1205892879647133	1587	478438	3967500	0
bv	uv	1	12356	13887	0.1271775280898876	1602	509346	4005000	0
bv	uv	1	13887	15429	0.1199750778816199	1605	481400	4012500	0
bv	uv	1	15429	16948	0.1241980722891566	1660	515422	4150000	0
bv	uv	1	16948	18474	0.1202197638284648	1609	483584	4022500	0
bv	uv	1	18474	20003	0.1243809759110562	1619	503432	4047500	0
bv	uv	1	20003	21600	0.1246799755052051	1633	509006	4082500	0
bv	uv	1	21600	23175	0.1232377639751552	1610	496032	4025000	0
bv	uv	1	23175	24693	0.1239031346035648	1627	503976	4067500	0
bv	uv	1	24693	26217	0.1203770573566084	1604	482712	4010000	0
bv	uv	1	26217	27705	0.1245339901477832	1624	505608	4060000	0
bv	uv	1	27705	29233	0.1228469273743016	1611	494766	4027500	0
bv	uv	1	29233	30748	0.1249133933933934	1665	519952	4162500	0
bv	uv	1	30748	32285	0.1185029210689869	1609	476678	4022500	0
bv	uv	1	32285	33831	0.122188944723618	1592	486312	3980000	0
bv	uv	1	33831	35407	0.1276551635663887	1559	497536	3897500	0
bv	uv	1	35407	36931	0.1197791411042944	1630	488100	4075000	0
bv	uv	1	36931	38460	0.1169194324491054	1621	473816	4052500	0
bv	uv	1	38460	40047	0.1191266418835192	1614	480676	4035000	0
bv	uv	1	40047	41553	0.1225468788249694	1634	500604	4085000	0
bv	uv	1	41553	43126	0.1218135283363802	1641	499740	4102500	0
bv	uv	1	43126	44639	0.1287145488029465	1629	524190	4072500	0
bv	uv	1	44639	46223	0.1286864197530864	1620	521180	4050000	0
bv	uv	1	46223	47734	0.1251755706354102	1621	507274	4052500	0
bv	uv	1	47734	49281	0.126832603406326	1644	521282	4110000	0
bv	uv	1	49281	50814	0.1264398009950249	1608	508288	4020000	0
bv	uv	1	50814	52337	0.1298610630407911	1618	525288	4045000	0
bv	uv	1	52337	53873	0.1214784624771202	1639	497758	4097500	0
bv	uv	1	53873	55396	0.1259038605230386	1606	505504	4015000	0
bv	uv	1	55396	56922	0.1249756457564575	1626	508026	4065000	0
bv	uv	1	56922	58482	0.1208903927492447	1655	500184	4137500	0
bv	uv	1	58482	60037	0.1216521415270018	1611	489954	4027500	0
bv	uv	1	60037	61511	0.1298813725490196	1632	529916	4080000	0
bv	uv	1	61511	63003	0.127180487804878	1640	521440	4100000	0
bv	uv	1	63003	64562	0.1232809876543209	1620	499288	4050000	0
bv	uv	1	64562	66147	0.1276150710315009	1619	516522	4047500	0
bv	uv	1	66147	67712	0.1148906344410876	1655	475360	4137500	0
bv	uv	1	67712	69211	0.1252210018105009	1657	518728	4142500	0
bv	uv	1	69211	70786	0.1277079754601227	1630	520410	4075000	0
bv	uv	1	70786	72323	0.12704305307096	1677	532628	4192500	0
bv	uv	1	72323	73890	0.1261261613691931	1636	515856	4090000	0
bv	uv	1	73890	75469	0.1258249376558603	1604	504558	4010000	0
bv	uv	1	75469	76997	0.1210382671480144	1662	502914	4155000	0
bv	uv	1	76997	78553	0.1234114216281895	1646	507838	4115000	0
bv	uv	1	78553	80065	0.1198361858190709	1636	490130	4090000	0
bv	uv	1	80065	81580	0.1232730500951173	1577	486004	3942500	0
bv	uv	1	81580	83112	0.1231419588875453	1654	509192	4135000	0
bv	uv	1	83112	84623	0.1116625310173697	1612	450000	4030000	0
bv	uv	1	84623	86140	0.1202628853267571	1622	487666	4055000	0
bv	uv	1	86140	87623	0.112101503307276	1663	466062	4157500	0
bv	uv	1	87623	89201	0.1222277300613497	1630	498078	4075000	0
bv	uv	1	89201	90743	0.1210718352513628	1651	499724	4127500	0
bv	uv	1	90743	92267	0.1166366232153941	1611	469754	4027500	0
bv	uv	1	92267	93758	0.1165099937926753	1611	469244	4027500	0
bv	uv	1	93758	95292	0.117074481074481	1638	479420	4095000	0
bv	uv	1	95292	96821	0.124907881773399	1624	507126	4060000	0
bv	uv	1	96821	98366	0.1247210559396606	1591	496078	3977500	0
bv	uv	1	98366	99915	0.1211184418746195	1643	497494	4107500	0
bv	uv	1	99915	101398	0.122181862745098	1632	498502	4080000	0
bv	uv	1	101398	102928	0.1311735456215554	1633	535516	4082500	0
bv	uv	1	102928	104455	0.1159168241965973	1587	459900	3967500	0
bv	uv	1	104455	106006	0.1187139303482587	1608	477230	4020000	0
bv	uv	1	106006	107549	0.1196705882352941	1615	483170	4037500	0
bv	uv	1	107549	109081	0.1250732066217044	1631	509986	4077500	0
bv	uv	1	109081	110603	0.1229294189602446	1635	502474	4087500	0
bv	uv	1	110603	112102	0.1126451612903225	1643	462690	4107500	0
bv	uv	1	112102	113616	0.1244987834549878	1644	511690	4110000	0
bv	uv	1	113616	115134	0.1274517868338558	1595	508214	3987500	0
bv	uv	1	115134	116673	0.1152601322910402	1663	479194	4157500	0
bv	uv	1	116673	118217	0.1192455120101137	1582	471616	3955000	0
bv	uv	1	118217	119756	0.1173175	1600	469270	4000000	0
bv	uv	1	119756	121229	0.1245055	1600	498022	4000000	0
bv	uv	1	121229	122749	0.1211391089108911	1616	489402	4040000	0
bv	uv	1	122749	124217	0.1223020012128562	1649	504190	4122500	0
bv	uv	1	124217	125775	0.1264158808933002	1612	509456	4030000	0
bv	uv	1	125775	127260	0.1199315292636878	1589	476428	3972500	0
bv	uv	1	127260	128784	0.1223548946716232	1614	493702	4035000	0
bv	uv	1	128784	130300	0.1186777101096224	1642	487172	4105000	0
bv	uv	1	130300	131807	0.1217298377028714	1602	487528	4005000	0
bv	uv	1	131807	133366	0.1260246115599751	1609	506934	4022500	0
bv	uv	1	133366	134900	0.1275031367628607	1594	508100	3985000	0
bv	uv	1	134900	136450	0.1250089775561097	1604	501286	4010000	0
bv	uv	1	136450	137950	0.1194028031687995	1641	489850	4102500	0
bv	uv	1	137950	139505	0.12735746496039	1641	522484	4102500	0
bv	uv	1	139505	140992	0.1239029702970297	1616	500568	4040000	0
bv	uv	1	140992	142499	0.1178119331742243	1676	493632	4190000	0
bv	uv	1	142499	144002	0.1265686250757116	1651	522412	4127500	0
bv	uv	1	144002	145509	0.12468	1620	504954	4050000	0
bv	uv	1	145509	147027	0.1292731977818854	1623	524526	4057500	0
bv	uv	1	147027	148505	0.1258967823343848	1585	498866	3962500	0
bv	uv	1	148505	150047	0.1261073170731707	1599	504114	3997500	0
bv	uv	1	150047	151616	0.1219909035033804	1627	496198	4067500	0
bv	uv	1	151616	153160	0.1271289555972482	1599	508198	3997500	0
bv	uv	1	153160	154665	0.1200522811344019	1622	486812	4055000	0
bv	uv	1	154665	156194	0.1296886637112096	1579	511946	3947500	0
bv	uv	1	156194	157728	0.1229588306942752	1642	504746	4105000	0
bv	uv	1	157728	159233	0.1199406467977171	1577	472866	3942500	0
bv	uv	1	159233	160779	0.1310861944777911	1666	545974	4165000	0
bv	uv	1	160779	162328	0.1190717854966483	1641	488492	4102500	0
bv	uv	1	162328	163854	0.1230713149847094	1635	503054	4087500	0
bv	uv	1	163854	165365	0.12848	1650	529980	4125000	0
bv	uv	1	165365	166898	0.1197590184049079	1630	488018	4075000	0
bv	uv	1	166898	168474	0.1215556377079482	1623	493212	4057500	0
bv	uv	1	168474	169985	0.1303501589319771	1573	512602	3932500	0
bv	uv	1	169985	171523	0.1213468599033816	1656	502376	4140000	0
bv	uv	1	171523	173109	0.120687231352718	1582	477318	3955000	0
bv	uv	1	173109	174625	0.1251849192100538	1671	522960	4177500	0
bv	uv	1	174625	176162	0.1234846957590657	1627	502274	4067500	0
bv	uv	1	176162	177668	0.119435493640218	1651	492970	4127500	0
bv	uv	1	177668	179174	0.1135681351840676	1657	470456	4142500	0
bv	uv	1	179174	180725	0.1221193666260657	1642	501300	4105000	0
bv	uv	1	180725	182263	0.1193285627653123	1649	491932	4122500	0
bv	uv	1	182263	183799	0.1258424700693131	1587	499280	3967500	0
bv	uv	1	183799	185338	0.1136418136020151	1588	451158	3970000	0
bv	uv	1	185338	186873	0.1270003705991352	1619	514034	4047500	0
bv	uv	1	186873	188384	0.116695673671199	1618	472034	4045000	0
bv	uv	1	188384	189890	0.1273595076923077	1625	517398	4062500	0
bv	uv	1	189890	191438	0.1226893203883495	1648	505480	4120000	0
bv	uv	1	191438	192957	0.1167042777433354	1613	470610	4032500	0
bv	uv	1	192957	194502	0.1158426150121065	1652	478430	4130000	0
bv	uv	1	194502	196008	0.1186635177128651	1609	477324	4022500	0
bv	uv	1	196008	197561	0.1254815709969788	1655	519180	4137500	0
bv	uv	1	197561	199106	0.1234925993883792	1635	504776	4087500	0
bv	uv	1	199106	200609	0.1226834371108343	1606	492574	4015000	0
bv	uv	1	200609	202146	0.1176633962264151	1590	467712	3975000	0
bv	uv	1	202146	203753	0.1278418269230769	1664	531822	4160000	0
bv	uv	1	203753	205281	0.1194261859582542	1581	472032	3952500	0
bv	uv	1	205281	206793	0.120342300669507	1643	494306	4107500	0
bv	uv	1	206793	208355	0.1225242078580481	1578	483358	3945000	0
bv	uv	1	208355	209896	0.1173903584672435	1618	474844	4045000	0
bv	uv	1	209896	211394	0.1330196642685851	1668	554692	4170000	0
bv	uv	1	211394	212909	0.1188436934218467	1657	492310	4142500	0
bv	uv	1	212909	214437	0.1211321665660832	1657	501790	4142500	0
bv	uv	1	214437	215944	0.1172305795314426	1622	475370	4055000	0
bv	uv	1	215944	217455	0.12783147581139	1633	521872	4082500	0
bv	uv	1	217455	218990	0.1254625310173697	1612	505614	4030000	0
bv	uv	1	218990	220513	0.1256950780312125	1666	523520	4165000	0
bv	uv	1	220513	222067	0.1238504901960784	1632	505310	4080000	0
bv	uv	1	222067	223604	0.1187673965936739	1644	488134	4110000	0
bv	uv	1	223604	225162	0.1254632352941176	1632	511890	4080000	0
bv	uv	1	225162	226689	0.1259939649969825	1657	521930	4142500	0
bv	uv	1	226689	228196	0.1184908406524466	1594	472186	3985000	0
bv	uv	1	228196	229715	0.1267035691922354	1597	505864	3992500	0
bv	uv	1	229715	231262	0.1216601684717208	1662	505498	4155000	0
bv	uv	1	231262	232812	0.1240856269113149	1635	507200	4087500	0
bv	uv	1	232812	234375	0.1188987714987715	1628	483918	4070000	0
bv	uv	1	234375	235921	0.1194100808960796	1607	479730	4017500	0
bv	uv	1	235921	237461	0.1228463873709775	1647	505820	4117500	0
bv	uv	1	237461	239079	0.1219308978328173	1615	492296	4037500	0
bv	uv	1	239079	240589	0.1243700419412822	1669	518934	4172500	0
bv	uv	1	240589	242106	0.1277102167182662	1615	515630	4037500	0
bv	uv	1	242106	243626	0.1160239755351681	1635	474248	4087500	0
bv	uv	1	243626	245164	0.1225975490196078	1632	500198	4080000	0
bv	uv	1	245164	246705	0.1182714110429447	1630	481956	4075000	0
bv	uv	1	246705	248240	0.1312172946263125	1619	531102	4047500	0
bv	uv	1	248240	249769	0.1225973525872442	1662	509392	4155000	0
bv	uv	1	249769	251381	0.1264445287792536	1581	499772	3952500	0
bv	uv	1	251381	252951	0.1186046971569839	1618	479756	4045000	0
bv	uv	1	252951	254486	0.1171970333745364	1618	474062	4045000	0
bv	uv	1	254486	256044	0.1279659787367104	1599	511544	3997500	0
bv	uv	1	256044	257579	0.118223908918406	1581	467280	3952500	0
bv	uv	1	257579	259142	0.1197365179132621	1591	476252	3977500	0
bv	uv	1	259142	260661	0.127676131432114	1613	514854	4032500	0
bv	uv	1	260661	262270	0.117149875930521	1612	472114	4030000	0
bv	uv	1	262270	263809	0.1201130111524163	1614	484656	4035000	0
bv	uv	1	263809	265329	0.1219953173136167	1623	494996	4057500	0
bv	uv	1	265329	266871	0.1171743940335612	1609	471334	4022500	0
bv	uv	1	266871	268399	0.1302649478207489	1629	530504	4072500	0
bv	uv	1	268399	269911	0.1246313193588162	1622	505380	4055000	0
bv	uv	1	269911	271412	0.1212425846153846	1625	492548	4062500	0
bv	uv	1	271412	272941	0.1208781326781326	1628	491974	4070000	0
bv	uv	1	272941	274535	0.1253322095123419	1661	520442	4152500	0
bv	uv	1	274535	276080	0.1240629921259842	1651	512070	4127500	0
bv	uv	1	276080	277631	0.1281590184049079	1630	522248	4075000	0
bv	uv	1	277631	279226	0.1289058601134215	1587	511434	3967500	0
bv	uv	1	279226	280729	0.1279225647348952	1622	518726	4055000	0
bv	uv	1	280729	282249	0.1292992665036675	1636	528834	4090000	0
bv	uv	1	282249	283797	0.1217378978978978	1665	506734	4162500	0
bv	uv	1	283797	285339	0.1224142222222222	1575	482006	3937500	0
bv	uv	1	285339	286861	0.1212851011649294	1631	494540	4077500	0
bv	uv	1	286861	288366	0.1236029739776951	1614	498738	4035000	0
bv	uv	1	288366	289894	0.123683	1600	494732	4000000	0
bv	uv	1	289894	291446	0.1318429721362229	1615	532316	4037500	0
bv	uv	1	291446	292985	0.1249589242053789	1636	511082	4090000	0
bv	uv	1	292985	294493	0.1211741856177013	1627	492876	4067500	0
bv	uv	1	294493	295988	0.1239373998767714	1623	502876	4057500	0
bv	uv	1	295988	297509	0.1233656210790464	1594	491612	3985000	0
bv	uv	1	297509	299025	0.1237727607361963	1630	504374	4075000	0
bv	uv	1	299025	300587	0.1205837150127226	1572	473894	3930000	0
bv	uv	1	300587	302137	0.1266745741324921	1585	501948	3962500	0
bv	uv	1	302137	303644	0.1248841846153846	1625	507342	4062500	0
bv	uv	1	303644	305118	0.1253908920773549	1603	502504	4007500	0
bv	uv	1	305118	306657	0.1237809641532756	1618	500694	4045000	0
bv	uv	1	306657	308236	0.1219466030989273	1678	511566	4195000	0
bv	uv	1	308236	309782	0.1236045211183819	1681	519448	4202500	0
bv	uv	1	309782	311304	0.1232824742268041	1649	508232	4122500	0
bv	uv	1	311304	312848	0.1212278496611213	1623	491882	4057500	0
bv	uv	1	312848	314399	0.1233531076923076	1625	501122	4062500	0
bv	uv	1	314399	315907	0.1222021978021978	1638	500418	4095000	0
bv	uv	1	315907	317424	0.1280738386308068	1636	523822	4090000	0
bv	uv	1	317424	318927	0.1274647058823529	1632	520056	4080000	0
bv	uv	1	318927	320473	0.1240270935960591	1624	503550	4060000	0
bv	uv	1	320473	322043	0.1232200477326969	1676	516292	4190000	0
bv	uv	1	322043	323562	0.1136140087554721	1599	454172	3997500	0
bv	uv	1	323562	325057	0.1258518703241895	1604	504666	4010000	0
bv	uv	1	325057	326620	0.1295083179297597	1623	525480	4057500	0
bv	uv	1	326620	328133	0.118497223935842	1621	480210	4052500	0
bv	uv	1	328133	329666	0.1307956151035322	1642	536916	4105000	0
bv	uv	1	329666	331208	0.1236634116937914	1659	512894	4147500	0
bv	uv	1	331208	332733	0.1252362327534493	1667	521922	4167500	0
bv	uv	1	332733	334261	0.1215526510480887	1622	492896	4055000	0
bv	uv	1	334261	335815	0.1162386223862238	1626	472510	4065000	0
bv	uv	1	335815	337328	0.1172618204031765	1637	479894	4092500	0
bv	uv	1	337328	338849	0.1234678326046221	1601	494180	4002500	0
bv	uv	1	338849	340369	0.115479287031346	1627	469712	4067500	0
bv	uv	1	340369	341877	0.1114850344395742	1597	445104	3992500	0
bv	uv	1	341877	343390	0.1255337043908472	1617	507470	4042500	0
bv	uv	1	343390	344866	0.1270863258026159	1682	534398	4205000	0
bv	uv	1	344866	346409	0.1126613266583229	1598	450082	3995000	0
bv	uv	1	346409	347950	0.1211125307125307	1628	492928	4070000	0
bv	uv	1	347950	349455	0.1268961006289308	1590	504412	3975000	0
bv	uv	1	349455	350999	0.1277533796588755	1583	505584	3957500	0
bv	uv	1	350999	352532	0.1279054409005628	1599	511302	3997500	0
bv	uv	1	352532	354070	0.1177277269957343	1641	482978	4102500	0
bv	uv	1	354070	355572	0.1261084704448507	1641	517360	4102500	0
bv	uv	1	355572	357108	0.1272063492063492	1638	520910	4095000	0
bv	uv	1	357108	358652	0.1213018270401948	1642	497944	4105000	0
bv	uv	1	358652	360210	0.1273441713925646	1587	505238	3967500	0
bv	uv	1	360210	361767	0.1164828828828828	1554	452536	3885000	0
bv	uv	1	361767	363295	0.1176932330827067	1596	469596	3990000	0
bv	uv	1	363295	364835	0.1185410917816436	1667	494020	4167500	0
bv	uv	1	364835	366321	0.1167399152029073	1651	481844	4127500	0
bv	uv	1	366321	367873	0.1256584781306171	1669	524310	4172500	0
bv	uv	1	367873	369344	0.1254695598264104	1613	505956	4032500	0
bv	uv	1	369344	370887	0.1244443902439024	1640	510222	4100000	0
bv	uv	1	370887	372461	0.1230772277227722	1616	497232	4040000	0
bv	uv	1	372461	373994	0.1155364303178484	1636	472544	4090000	0
bv	uv	1	373994	375496	0.1190583490863264	1587	472364	3967500	0
bv	uv	1	375496	377034	0.123440490797546	1630	503020	4075000	0
bv	uv	1	377034	378573	0.1246157546602525	1663	518090	4157500	0
bv	uv	1	378573	380106	0.1235705882352941	1632	504168	4080000	0
bv	uv	1	380106	381632	0.124378567128236	1661	516482	4152500	0
bv	uv	1	381632	383118	0.132	1609	530970	4022500	0
bv	uv	1	383118	384634	0.1283693457943925	1605	515082	4012500	0
bv	uv	1	384634	386122	0.1210780036968576	1623	491274	4057500	0
bv	uv	1	386122	387636	0.1215062885326757	1622	492708	4055000	0
bv	uv	1	387636	389183	0.1169599036724864	1661	485676	4152500	0
bv	uv	1	389183	390731	0.1232146649810366	1582	487314	3955000	0
bv	uv	1	390731	392251	0.1235016801493466	1607	496168	4017500	0
bv	uv	1	392251	393765	0.1213303144654088	1590	482288	3975000	0
bv	uv	1	393765	395286	0.1193462884731442	1657	494392	4142500	0
bv	uv	1	395286	396770	0.1208420795107033	1635	493942	4087500	0
bv	uv	1	396770	398265	0.1209019843656043	1663	502650	4157500	0
bv	uv	1	398265	399779	0.1216295766249254	1677	509932	4192500	0
bv	uv	1	399779	401296	0.1282383510306058	1601	513274	4002500	0
bv	uv	1	401296	402798	0.1238598434677904	1661	514328	4152500	0
bv	uv	1	402798	404316	0.123922305764411	1596	494450	3990000	0
bv	uv	1	404316	405886	0.1230670724284844	1643	505498	4107500	0
bv	uv	1	405886	407407	0.1225633165829145	1592	487802	3980000	0
bv	uv	1	407407	408939	0.1195438466295609	1617	483256	4042500	0
bv	uv	1	408939	410437	0.1227892720306513	1566	480720	3915000	0
bv	uv	1	410437	412015	0.1234565400843881	1659	512036	4147500	0
bv	uv	1	412015	413546	0.124	1645	509950	4112500	0
bv	uv	1	413546	415052	0.1277243697478991	1666	531972	4165000	0
bv	uv	1	415052	416619	0.1201889156626506	1660	498784	4150000	0
bv	uv	1	416619	418142	0.1233257348530293	1667	513960	4167500	0
bv	uv	1	418142	419707	0.1220330368487928	1574	480200	3935000	0
bv	uv	1	419707	421223	0.1106931707317073	1640	453842	4100000	0
bv	uv	1	421223	422741	0.1164839263803681	1630	474672	4075000	0
bv	uv	1	422741	424353	0.1174549068322981	1610	472756	4025000	0
bv	uv	1	424353	425939	0.1208044307692307	1625	490768	4062500	0
bv	uv	1	425939	427450	0.1205285895806861	1574	474280	3935000	0
bv	uv	1	427450	428965	0.1253836352279825	1601	501848	4002500	0
bv	uv	1	428965	430450	0.1260508641975308	1620	510506	4050000	0
bv	uv	1	430450	431979	0.1195375694016039	1621	484426	4052500	0
bv	uv	1	431979	433526	0.128163779527559	1651	528996	4127500	0
bv	uv	1	433526	435037	0.1288059516429014	1613	519410	4032500	0
bv	uv	1	435037	436601	0.1133873291925465	1610	456384	4025000	0
bv	uv	1	436601	438063	0.1179160371517027	1615	476086	4037500	0
bv	uv	1	438063	439585	0.1262181596587446	1641	517810	4102500	0
bv	uv	1	439585	441135	0.1208655027092113	1661	501894	4152500	0
bv	uv	1	441135	442695	0.1228007250755287	1655	508088	4137500	0
bv	uv	1	442695	444224	0.1277397706698853	1657	529162	4142500	0
bv	uv	1	444224	445780	0.1195783251231527	1624	485488	4060000	0
bv	uv	1	445780	447321	0.1211765841882921	1657	501974	4142500	0
bv	uv	1	447321	448893	0.1215894472361809	1592	483926	3980000	0
bv	uv	1	448893	450391	0.123743979721166	1578	488170	3945000	0
bv	uv	1	450391	451925	0.1214747474747474	1584	481040	3960000	0
bv	uv	1	451925	453396	0.113840250783699	1595	453938	3987500	0
bv	uv	1	453396	454904	0.1225867841409691	1589	486976	3972500	0
bv	uv	1	454904	456444	0.120877037037037	1620	489552	4050000	0
bv	uv	1	456444	458026	0.1241845009299442	1613	500774	4032500	0
bv	uv	1	458026	459567	0.1143430693069307	1616	461946	4040000	0
bv	uv	1	459567	461107	0.123114606741573	1602	493074	4005000	0
bv	uv	1	461107	462658	0.1268	1638	519246	4095000	0
bv	uv	1	462658	464204	0.1154356164383561	1606	463474	4015000	0
bv	uv	1	464204	465766	0.1189764634882317	1657	492860	4142500	0
bv	uv	1	465766	467308	0.1160549845201238	1615	468572	4037500	0
bv	uv	1	467308	468861	0.1160452923076923	1625	471434	4062500	0
bv	uv	1	468861	470435	0.1207701346389228	1634	493346	4085000	0
bv	uv	1	470435	471941	0.1234580171358629	1634	504326	4085000	0
bv	uv	1	471941	473441	0.1227511469311841	1613	494994	4032500	0
bv	uv	1	473441	474965	0.1264175716900549	1639	517996	4097500	0
bv	uv	1	474965	476546	0.1179306733167082	1604	472902	4010000	0
bv	uv	1	476546	478112	0.1196649318463444	1614	482848	4035000	0
bv	uv	1	478112	479688	0.1289127819548872	1596	514362	3990000	0
bv	uv	1	479688	481156	0.1153053952321204	1594	459492	3985000	0
bv	uv	1	481156	482705	0.1238018668326073	1607	497374	4017500	0
bv	uv	1	482705	484307	0.1259171655467318	1637	515316	4092500	0
bv	uv	1	484307	485796	0.1239830635118306	1606	497792	4015000	0
bv	uv	1	485796	487328	0.1308249084249084	1638	535728	4095000	0
bv	uv	1	487328	488881	0.1205465778316172	1651	497556	4127500	0
bv	uv	1	488881	490412	0.1244767225325884	1611	501330	4027500	0
bv	uv	1	490412	491928	0.125275702075702	1638	513004	4095000	0
bv	uv	1	491928	493459	0.1284212065813528	1641	526848	4102500	0
bv	uv	1	493459	495001	0.1239091023226616	1593	493468	3982500	0
bv	uv	1	495001	496544	0.1193032911392405	1580	471248	3950000	0
bv	uv	1	496544	498111	0.1233225885225885	1638	505006	4095000	0
bv	uv	1	498111	499626	0.1197368289637952	1602	479546	4005000	0
bv	uv	1	499626	501204	0.1250373088685015	1635	511090	4087500	0
bv	uv	1	501204	502784	0.1193412630288166	1631	486614	4077500	0
bv	uv	1	502784	504307	0.1143198497182216	1597	456422	3992500	0
bv	uv	1	504307	505828	0.1161338327091136	1602	465116	4005000	0
bv	uv	1	505828	507347	0.1232257904525728	1613	496908	4032500	0
bv	uv	1	507347	508905	0.1208763076923076	1625	491060	4062500	0
bv	uv	1	508905	510412	0.112549621873182	1719	483682	4297500	0
bv	uv	1	510412	511931	0.1220776484996938	1633	498382	4082500	0
bv	uv	1	511931	513520	0.1238661577608142	1572	486794	3930000	0
bv	uv	1	513520	515029	0.1220151646985705	1609	490806	4022500	0
bv	uv	1	515029	516547	0.1257522188449848	1645	517156	4112500	0
bv	uv	1	516547	518060	0.1154220851326341	1621	467748	4052500	0
bv	uv	1	518060	519633	0.1248557788944723	1592	496926	3980000	0
bv	uv	1	519633	521222	0.1221576499388004	1634	499014	4085000	0
bv	uv	1	521222	522805	0.121734875228241	1643	500026	4107500	0
bv	uv	1	522805	524366	0.1240019323671497	1656	513368	4140000	0
bv	uv	1	524366	525918	0.1336213399503722	1612	538494	4030000	0
bv	uv	1	525918	527471	0.1327473291925466	1610	534308	4025000	0
bv	uv	1	527471	528991	0.1241048034934497	1603	497350	4007500	0
bv	uv	1	528991	530574	0.1200805608667941	1569	471016	3922500	0
bv	uv	1	530574	532111	0.1232322147651006	1639	504944	4097500	0
bv	uv	1	532111	533618	0.1228710659898477	1576	484112	3940000	0
bv	uv	1	533618	535138	0.1227727825030376	1646	505210	4115000	0
bv	uv	1	535138	536677	0.117760981595092	1630	479876	4075000	0
bv	uv	1	536677	538200	0.1199748458692971	1622	486498	4055000	0
bv	uv	1	538200	539707	0.1263617628801986	1611	508922	4027500	0
bv	uv	1	539707	541260	0.1239114914425427	1636	506798	4090000	0
bv	uv	1	541260	542864	0.121522944785276	1630	495206	4075000	0
bv	uv	1	542864	544366	0.1160125075165363	1663	482322	4157500	0
bv	uv	1	544366	545902	0.1242865315852205	1678	521382	4195000	0
bv	uv	1	545902	547446	0.1289463355542095	1651	532226	4127500	0
bv	uv	1	547446	548971	0.1272704277743335	1613	513218	4032500	0
bv	uv	1	548971	550419	0.1263765586034912	1604	506770	4010000	0
bv	uv	1	550419	551951	0.1221504402515723	1590	485548	3975000	0
bv	uv	1	551951	553513	0.1258503368034292	1633	513784	4082500	0
bv	uv	1	553513	555098	0.1237212350346565	1587	490864	3967500	0
bv	uv	1	555098	556638	0.117921608040201	1592	469328	3980000	0
bv	uv	1	556638	558188	0.1232580923076923	1625	500736	4062500	0
bv	uv	1	558188	559693	0.1215772558714462	1618	491780	4045000	0
bv	uv	1	559693	561212	0.1213409669211195	1572	476870	3930000	0
bv	uv	1	561212	562728	0.1197485275288092	1562	467618	3905000	0
bv	uv	1	562728	564254	0.1239093525179856	1668	516702	4170000	0
bv	uv	1	564254	565787	0.1179058536585365	1640	483414	4100000	0
bv	uv	1	565787	567337	0.1167157894736842	1577	460152	3942500	0
bv	uv	1	567337	568902	0.1173120201384518	1589	466022	3972500	0
bv	uv	1	568902	570445	0.1215041916167664	1670	507280	4175000	0
bv	uv	1	570445	572000	0.1103274083281541	1609	443792	4022500	0
bv	uv	1	572000	573545	0.1147697645600991	1614	463096	4035000	0
bv	uv	1	573545	575073	0.1152199878123095	1641	472690	4102500	0
bv	uv	1	575073	576643	0.1154195211786372	1629	470046	4072500	0
bv	uv	1	576643	578204	0.1186643478260869	1610	477624	4025000	0
bv	uv	1	578204	579719	0.1192517073170731	1640	488932	4100000	0
bv	uv	1	579719	581211	0.1146866625691456	1627	466488	4067500	0
bv	uv	1	581211	582685	0.1195167070217917	1652	493604	4130000	0
bv	uv	1	582685	584242	0.115100487804878	1640	471912	4100000	0
bv	uv	1	584242	585754	0.1273594968553459	1590	506254	3975000	0
bv	uv	1	585754	587356	0.1273366205652435	1663	529402	4157500	0
bv	uv	1	587356	588931	0.1207560859188544	1676	505968	4190000	0
bv	uv	1	588931	590462	0.1256804334738109	1661	521888	4152500	0
bv	uv	1	590462	591981	0.1189574861367837	1623	482670	4057500	0
bv	uv	1	591981	593525	0.1136871921182266	1624	461570	4060000	0
bv	uv	1	593525	595089	0.116423148724331	1607	467730	4017500	0
bv	uv	1	595089	596633	0.124892172824045	1597	498632	3992500	0
bv	uv	1	596633	598202	0.1214982603479304	1667	506344	4167500	0
bv	uv	1	598202	599722	0.1205606879606879	1628	490682	4070000	0
bv	uv	1	599722	601242	0.1167396984924623	1592	464624	3980000	0
bv	uv	1	601242	602811	0.121682909090909	1650	501942	4125000	0
bv	uv	1	602811	604337	0.1202683046683046	1628	489492	4070000	0
bv	uv	1	604337	605853	0.1127219393939393	1650	464978	4125000	0
bv	uv	1	605853	607409	0.129094527363184	1608	518960	4020000	0
bv	uv	1	607409	608916	0.1280862888482632	1641	525474	4102500	0
bv	uv	1	608916	610463	0.1193083743842364	1624	484392	4060000	0
bv	uv	1	610463	612000	0.1158120541205412	1626	470776	4065000	0
bv	uv	1	612000	613506	0.1226619684082624	1646	504754	4115000	0
bv	uv	1	613506	614999	0.1251867158671586	1626	508884	4065000	0
bv	uv	1	614999	616560	0.1273261613691931	1636	520764	4090000	0
bv	uv	1	616560	618082	0.1169508196721311	1586	463710	3965000	0
bv	uv	1	618082	619598	0.1172353162179085	1597	468062	3992500	0
bv	uv	1	619598	621126	0.126050635978195	1651	520274	4127500	0
bv	uv	1	621126	622618	0.1242686131386861	1644	510744	4110000	0
bv	uv	1	622618	624154	0.1191779546846295	1633	486544	4082500	0
bv	uv	1	624154	625677	0.1241487241798298	1646	510872	4115000	0
bv	uv	1	625677	627201	0.1264915692307692	1625	513872	4062500	0
bv	uv	1	627201	628735	0.1254884184308841	1606	503836	4015000	0
bv	uv	1	628735	630264	0.1266564409826243	1669	528474	4172500	0
bv	uv	1	630264	631756	0.1244973518284993	1586	493632	3965000	0
bv	uv	1	631756	633283	0.1258986536107711	1634	514296	4085000	0
bv	uv	1	633283	634810	0.1270732872407291	1591	505434	3977500	0
bv	uv	1	634810	636375	0.1246762626262626	1584	493718	3960000	0
bv	uv	1	636375	637896	0.124203182374541	1634	507370	4085000	0
bv	uv	1	637896	639495	0.1260897357098955	1627	512870	4067500	0
bv	uv	1	639495	641023	0.1205159347553325	1594	480256	3985000	0
bv	uv	1	641023	642523	0.1267669359850839	1609	509920	4022500	0
bv	uv	1	642523	644056	0.1203292954264524	1618	486732	4045000	0
bv	uv	1	644056	645538	0.1142857855361596	1604	458286	4010000	0
bv	uv	1	645538	647047	0.1212009950248756	1608	487228	4020000	0
bv	uv	1	647047	648624	0.123034706616729	1602	492754	4005000	0
bv	uv	1	648624	650154	0.1214599145820622	1639	497682	4097500	0
bv	uv	1	650154	651651	0.1276467532467532	1617	516012	4042500	0
bv	uv	1	651651	653156	0.126207960199005	1608	507356	4020000	0
bv	uv	1	653156	654733	0.1204308463949843	1595	480218	3987500	0
bv	uv	1	654733	656258	0.1202582716049382	1620	487046	4050000	0
bv	uv	1	656258	657751	0.1292867854947756	1627	525874	4067500	0
bv	uv	1	657751	659316	0.1231921085080147	1622	499544	4055000	0
bv	uv	1	659316	660845	0.1300964028776978	1668	542502	4170000	0
bv	uv	1	660845	662382	0.1256779765576804	1621	509310	4052500	0
bv	uv	1	662382	663921	0.129869069069069	1665	540580	4162500	0
bv	uv	1	663921	665453	0.1288609711124769	1627	524142	4067500	0
bv	uv	1	665453	666980	0.1249485644471594	1637	511352	4092500	0
bv	uv	1	666980	668508	0.1218284283030682	1597	486400	3992500	0
bv	uv	1	668508	670044	0.1294612345679012	1620	524318	4050000	0
bv	uv	1	670044	671624	0.1201623910336239	1606	482452	4015000	0
bv	uv	1	671624	673142	0.1253924644842495	1619	507526	4047500	0
bv	uv	1	673142	674655	0.1240955582232893	1666	516858	4165000	0
bv	uv	1	674655	676179	0.1210865384615384	1664	503720	4160000	0
bv	uv	1	676179	677753	0.1237036855036855	1628	503474	4070000	0
bv	uv	1	677753	679256	0.1209977070063694	1570	474916	3925000	0
bv	uv	1	679256	680763	0.1295547349612864	1679	543806	4197500	0
bv	uv	1	680763	682311	0.1283346274264245	1597	512376	3992500	0
bv	uv	1	682311	683873	0.1188635193133047	1631	484666	4077500	0
bv	uv	1	683873	685376	0.1239951219512195	1640	508380	4100000	0
bv	uv	1	685376	686919	0.1204838589981447	1617	487056	4042500	0
bv	uv	1	686919	688480	0.1306504347826086	1610	525868	4025000	0
bv	uv	1	688480	689995	0.1209922403003754	1598	483364	3995000	0
bv	uv	1	689995	691519	0.1278795856185252	1641	524626	4102500	0
bv	uv	1	691519	693071	0.1165740307692307	1625	473582	4062500	0
bv	uv	1	693071	694596	0.1231955882352941	1632	502638	4080000	0
bv	uv	1	694596	696119	0.1257833534378769	1658	521372	4145000	0
bv	uv	1	696119	697655	0.1272688874921433	1591	506212	3977500	0
bv	uv	1	697655	699194	0.1259196137598068	1657	521622	4142500	0
bv	uv	1	699194	700701	0.1226669891172914	1654	507228	4135000	0
bv	uv	1	700701	702285	0.1139212991880075	1601	455970	4002500	0
bv	uv	1	702285	703823	0.1266153280196198	1631	516274	4077500	0
bv	uv	1	703823	705354	0.1252532043530834	1654	517922	4135000	0
bv	uv	1	705354	706929	0.1272495192307692	1664	529358	4160000	0
bv	uv	1	706929	708478	0.129094472361809	1592	513796	3980000	0
bv	uv	1	708478	709972	0.1211307545973367	1577	477558	3942500	0
bv	uv	1	709972	711499	0.1272324797001874	1601	509248	4002500	0
bv	uv	1	711499	713028	0.1169510455104551	1626	475406	4065000	0
bv	uv	1	713028	714578	0.1120064516129032	1612	451386	4030000	0
bv	uv	1	714578	716137	0.1257620125786163	1590	499904	3975000	0
bv	uv	1	716137	717639	0.1235861229458308	1643	507630	4107500	0
bv	uv	1	717639	719155	0.12380293398533	1636	506354	4090000	0
bv	uv	1	719155	720676	0.115670108349267	1569	453716	3922500	0
bv	uv	1	720676	722155	0.1263553178847296	1683	531640	4207500	0
bv	uv	1	722155	723656	0.1267433562071116	1603	507924	4007500	0
bv	uv	1	723656	725186	0.1247497254423428	1639	511162	4097500	0
bv	uv	1	725186	726705	0.1153852684144818	1602	462118	4005000	0
bv	uv	1	726705	728236	0.1206474253019707	1573	474446	3932500	0
bv	uv	1	728236	729762	0.1217979230299328	1637	498458	4092500	0
bv	uv	1	729762	731300	0.1261394201110425	1621	511180	4052500	0
bv	uv	1	731300	732836	0.1252922311995028	1609	503988	4022500	0
bv	uv	1	732836	734410	0.123462271062271	1638	505578	4095000	0
bv	uv	1	734410	735985	0.124357881923311	1643	510800	4107500	0
bv	uv	1	735985	737483	0.128211974522293	1570	503232	3925000	0
bv	uv	1	737483	739036	0.1301655768044417	1621	527496	4052500	0
bv	uv	1	739036	740560	0.121493131695022	1587	482024	3967500	0
bv	uv	1	740560	742040	0.12411943936624	1641	509200	4102500	0
bv	uv	1	742040	743587	0.1228659818731117	1655	508358	4137500	0
bv	uv	1	743587	745122	0.1235184513006654	1653	510440	4132500	0
bv	uv	1	745122	746636	0.1254372379778051	1622	508648	4055000	0
bv	uv	1	746636	748167	0.1292948004836759	1654	534634	4135000	0
bv	uv	1	748167	749686	0.1228429711479435	1629	500278	4072500	0
bv	uv	1	749686	751215	0.1231900744416873	1612	496456	4030000	0
bv	uv	1	751215	752782	0.1192164383561643	1606	478654	4015000	0
bv	uv	1	752782	754361	0.1260390605686032	1618	509828	4045000	0
bv	uv	1	754361	755890	0.1202405977584059	1606	482766	4015000	0
bv	uv	1	755890	757418	0.1210215158924205	1636	494978	4090000	0
bv	uv	1	757418	758972	0.1216257744733581	1614	490760	4035000	0
bv	uv	1	758972	760468	0.12312520123839	1615	497118	4037500	0
bv	uv	1	760468	761968	0.1255631738340399	1651	518262	4127500	0
bv	uv	1	761968	763493	0.1259701067615658	1686	530964	4215000	0
bv	uv	1	763493	765124	0.1219837438423645	1624	495254	4060000	0
bv	uv	1	765124	766686	0.1147401109057301	1623	465558	4057500	0
bv	uv	1	766686	768217	0.124925776965265	1641	512508	4102500	0
bv	uv	1	768217	769744	0.123289423076923	1664	512884	4160000	0
bv	uv	1	769744	771313	0.1234732698412698	1575	486176	3937500	0
bv	uv	1	771313	772882	0.1173819558359621	1585	465126	3962500	0
bv	uv	1	772882	774449	0.122777983920841	1617	496330	4042500	0
bv	uv	1	774449	775969	0.1195033971587399	1619	483690	4047500	0
bv	uv	1	775969	777514	0.1246699629171817	1618	504290	4045000	0
bv	uv	1	777514	779035	0.1257596996245306	1598	502410	3995000	0
bv	uv	1	779035	780531	0.1219409035409035	1638	499348	4095000	0
bv	uv	1	780531	782071	0.1154268585131894	1668	481330	4170000	0
bv	uv	1	782071	783578	0.1186603609209707	1607	476718	4017500	0
bv	uv	1	783578	785111	0.1215292682926829	1640	498270	4100000	0
bv	uv	1	785111	786678	0.1190635922330097	1648	490542	4120000	0
bv	uv	1	786678	788214	0.1248984227129337	1585	494910	3962500	0
bv	uv	1	788214	789779	0.1234367041198502	1602	494364	4005000	0
bv	uv	1	789779	791296	0.1244120913016656	1621	504180	4052500	0
bv	uv	1	791296	792812	0.1188907348242811	1565	465160	3912500	0
bv	uv	1	792812	794369	0.116810101010101	1584	462568	3960000	0
bv	uv	1	794369	795924	0.1233886610373944	1658	511446	4145000	0
bv	uv	1	795924	797437	0.1148894800483675	1654	475068	4135000	0
bv	uv	1	797437	798952	0.1280790588235294	1700	544336	4250000	0
bv	uv	1	798952	800497	0.1176855905998763	1617	475744	4042500	0
bv	uv	1	800497	801987	0.1239007371007371	1628	504276	4070000	0
bv	uv	1	801987	803487	0.1125097300690521	1593	448070	3982500	0
bv	uv	1	803487	804971	0.1234686641697877	1602	494492	4005000	0
bv	uv	1	804971	806518	0.1226706319702602	1614	494976	4035000	0
bv	uv	1	806518	808026	0.1170276069921639	1659	485372	4147500	0
bv	uv	1	808026	809553	0.115077037037037	1620	466062	4050000	0
bv	uv	1	809553	811083	0.1264820766378245	1618	511620	4045000	0
bv	uv	1	811083	812614	0.1230739726027397	1606	494142	4015000	0
bv	uv	1	812614	814155	0.1229927360774818	1652	507960	4130000	0
bv	uv	1	814155	815700	0.1237251651651651	1665	515006	4162500	0
bv	uv	1	815700	817245	0.1223756097560975	1640	501740	4100000	0
bv	uv	1	817245	818779	0.1191696142433234	1685	502002	4212500	0
bv	uv	1	818779	820317	0.1187463714637146	1626	482704	4065000	0
bv	uv	1	820317	821831	0.1158911070780399	1653	478920	4132500	0
bv	uv	1	821831	823362	0.1240024316109422	1645	509960	4112500	0
bv	uv	1	823362	824917	0.1254187311178247	1655	518920	4137500	0
bv	uv	1	824917	826505	0.1221158282208589	1630	497622	4075000	0
bv	uv	1	826505	828039	0.1267813316739265	1607	509344	4017500	0
bv	uv	1	828039	829581	0.1274487477092241	1637	521584	4092500	0
bv	uv	1	829581	831083	0.1176253813300793	1639	481970	4097500	0
bv	uv	1	831083	832575	0.1197307738452309	1667	498978	4167500	0
bv	uv	1	832575	834089	0.1268341008089608	1607	509556	4017500	0
bv	uv	1	834089	835590	0.1154501253132832	1596	460646	3990000	0
bv	uv	1	835590	837070	0.1205601023017902	1564	471390	3910000	0
bv	uv	1	837070	838642	0.1207995101041028	1633	493164	4082500	0
bv	uv	1	838642	840142	0.1253372405372405	1638	513256	4095000	0
bv	uv	1	840142	841665	0.1238243059839605	1621	501798	4052500	0
bv	uv	1	841665	843176	0.1213263420724094	1602	485912	4005000	0
bv	uv	1	843176	844731	0.1249428394296342	1613	503832	4032500	0
bv	uv	1	844731	846259	0.1253421406727828	1635	512336	4087500	0
bv	uv	1	846259	847766	0.1253187730061349	1630	510674	4075000	0
bv	uv	1	847766	849328	0.1221695158398087	1673	510974	4182500	0
bv	uv	1	849328	850862	0.1254167064439141	1676	525496	4190000	0
bv	uv	1	850862	852414	0.1245769666456891	1589	494882	3972500	0
bv	uv	1	852414	853919	0.115996549599507	1623	470656	4057500	0
bv	uv	1	853919	855439	0.1204409335727109	1671	503142	4177500	0
bv	uv	1	855439	856969	0.1282627087198515	1617	518502	4042500	0
bv	uv	1	856969	858517	0.1207574051407588	1634	493294	4085000	0
bv	uv	1	858517	860031	0.126978670012547	1594	506010	3985000	0
bv	uv	1	860031	861560	0.1237626483447845	1601	495360	4002500	0
bv	uv	1	861560	863089	0.1188553321145643	1641	487604	4102500	0
bv	uv	1	863089	864638	0.1223363807138384	1597	488428	3992500	0
bv	uv	1	864638	866174	0.1242613366645846	1601	497356	4002500	0
bv	uv	1	866174	867666	0.1255136725935009	1631	511782	4077500	0
bv	uv	1	867666	869249	0.1243628660436137	1605	499006	4012500	0
bv	uv	1	869249	870800	0.1228565756823821	1612	495112	4030000	0
bv	uv	1	870800	872363	0.119038202247191	1602	476748	4005000	0
bv	uv	1	872363	873857	0.1266974165091367	1587	502672	3967500	0
bv	uv	1	873857	875383	0.1208672716273442	1653	499484	4132500	0
bv	uv	1	875383	876957	0.1114305941845764	1582	440708	3955000	0
bv	uv	1	876957	878513	0.1230599636583888	1651	507930	4127500	0
bv	uv	1	878513	880069	0.1141051597051597	1628	464408	4070000	0
bv	uv	1	880069	881589	0.1260336765596608	1651	520204	4127500	0
bv	uv	1	881589	883110	0.1209545171339563	1605	485330	4012500	0
bv	uv	1	883110	884609	0.1267620795107033	1635	518140	4087500	0
bv	uv	1	884609	886176	0.1187892968263845	1607	477236	4017500	0
bv	uv	1	886176	887761	0.1251472471190781	1562	488700	3905000	0
bv	uv	1	887761	889297	0.1200513006654567	1653	496112	4132500	0
bv	uv	1	889297	890801	0.1143975062344139	1604	458734	4010000	0
bv	uv	1	890801	892321	0.1239782002534854	1578	489094	3945000	0
bv	uv	1	892321	893830	0.1195406747294716	1571	469496	3927500	0
bv	uv	1	893830	895394	0.1224716913946587	1685	515912	4212500	0
bv	uv	1	895394	896902	0.1212526708074534	1610	488042	4025000	0
bv	uv	1	896902	898392	0.1299188299817184	1641	532992	4102500	0
bv	uv	1	898392	899927	0.1202347663551401	1605	482442	4012500	0
bv	uv	1	899927	901424	0.1243010284331518	1653	513674	4132500	0
bv	uv	1	901424	903018	0.1310414141414141	1584	518924	3960000	0
bv	uv	1	903018	904560	0.1211619886721208	1589	481316	3972500	0
bv	uv	1	904560	906073	0.1236375529981829	1651	510314	4127500	0
bv	uv	1	906073	907624	0.1358371108343711	1606	545386	4015000	0
bv	uv	1	907624	909118	0.1264277372262773	1644	519618	4110000	0
bv	uv	1	909118	910650	0.1288670687575392	1658	534154	4145000	0
bv	uv	1	910650	912197	0.1222363411619283	1618	494446	4045000	0
bv	uv	1	912197	913745	0.1279301204819277	1660	530910	4150000	0
bv	uv	1	913745	915268	0.1323034146341463	1640	542444	4100000	0
bv	uv	1	915268	916873	0.1214244265344079	1613	489644	4032500	0
bv	uv	1	916873	918377	0.1326372315035799	1676	555750	4190000	0
bv	uv	1	918377	919912	0.121412523248605	1613	489596	4032500	0
bv	uv	1	919912	921417	0.1263856613102595	1618	511230	4045000	0
bv	uv	1	921417	923014	0.120889844683393	1674	505924	4185000	0
bv	uv	1	923014	924479	0.1249866666666666	1650	515570	4125000	0
bv	uv	1	924479	926035	0.1182086956521739	1610	475790	4025000	0
bv	uv	1	926035	927595	0.1241340645947593	1641	509260	4102500	0
bv	uv	1	927595	929137	0.1245026993094789	1593	495832	3982500	0
bv	uv	1	929137	930651	0.1282892682926829	1640	525986	4100000	0
bv	uv	1	930651	932163	0.1231404561824729	1666	512880	4165000	0
bv	uv	1	932163	933690	0.1186107341147439	1621	480670	4052500	0
bv	uv	1	933690	935207	0.1240495747266099	1646	510464	4115000	0
bv	uv	1	935207	936745	0.1210779532533164	1583	479166	3957500	0
bv	uv	1	936745	938258	0.1207831847133757	1570	474074	3925000	0
bv	uv	1	938258	939763	0.122454705144291	1594	487982	3985000	0
bv	uv	1	939763	941296	0.1278473551637279	1588	507554	3970000	0
bv	uv	1	941296	942803	0.1181803538743136	1639	484244	4097500	0
bv	uv	1	942803	944352	0.1243972098922003	1577	490436	3942500	0
bv	uv	1	944352	945900	0.1211529709228824	1582	479160	3955000	0
bv	uv	1	945900	947386	0.1244326431181486	1642	510796	4105000	0
bv	uv	1	947386	948950	0.1232971323978035	1639	505210	4097500	0
bv	uv	1	948950	950444	0.1212708860759493	1580	479020	3950000	0
bv	uv	1	950444	951977	0.1231554467564259	1634	503090	4085000	0
bv	uv	1	951977	953465	0.1237998785670916	1647	509746	4117500	0
bv	uv	1	953465	955002	0.1237886506935687	1586	490822	3965000	0
bv	uv	1	955002	956513	0.1196818742293464	1622	485310	4055000	0
bv	uv	1	956513	958052	0.1195278121137206	1618	483490	4045000	0
bv	uv	1	958052	959592	0.1189484867201976	1619	481444	4047500	0
bv	uv	1	959592	961092	0.1196114832535885	1672	499976	4180000	0
bv	uv	1	961092	962627	0.1255131067961165	1648	517114	4120000	0
bv	uv	1	962627	964145	0.1322126340882002	1678	554632	4195000	0
bv	uv	1	964145	965663	0.1262338853503184	1570	495468	3925000	0
bv	uv	1	965663	967212	0.1239041589075108	1611	499024	4027500	0
bv	uv	1	967212	968765	0.1253642317380352	1588	497696	3970000	0
bv	uv	1	968765	970284	0.1145831798649478	1629	466640	4072500	0
bv	uv	1	970284	971784	0.1186220307692307	1625	481902	4062500	0
bv	uv	1	971784	973360	0.1303178247734139	1655	539190	4137500	0
bv	uv	1	973360	974908	0.1291447678018575	1615	521422	4037500	0
bv	uv	1	974908	976438	0.1262991347342398	1618	510880	4045000	0
bv	uv	1	976438	977948	0.1279267469879518	1660	530896	4150000	0
bv	uv	1	977948	979491	0.1185766360856269	1635	484682	4087500	0
bv	uv	1	979491	980994	0.1219576240048989	1633	497892	4082500	0
bv	uv	1	980994	982532	0.1267760204081632	1568	496962	3920000	0
bv	uv	1	982532	984050	0.1210837754472547	1621	490692	4052500	0
bv	uv	1	984050	985522	0.1288055137844611	1596	513934	3990000	0
bv	uv	1	985522	987067	0.1261869321717486	1607	506956	4017500	0
bv	uv	1	987067	988566	0.1222047940995697	1627	497068	4067500	0
bv	uv	1	988566	990128	0.1153401242236024	1610	464244	4025000	0
bv	uv	1	990128	991698	0.1154614443084455	1634	471660	4085000	0
bv	uv	1	991698	993216	0.1195068560840024	1619	483704	4047500	0
bv	uv	1	993216	994726	0.1267632802937576	1634	517828	4085000	0
bv	uv	1	994726	996218	0.124679365079365	1638	510562	4095000	0
bv	uv	1	996218	997757	0.119623	1600	478492	4000000	0
bv	uv	1	997757	999266	0.1206254456054087	1627	490644	4067500	0
bv	uv	1	999266	1000794	0.122963215590743	1642	504764	4105000	0
bv	uv	1	1000794	1002370	0.1272783632982021	1613	513250	4032500	0
bv	uv	1	1002370	1003911	0.120152165725047	1593	478506	3982500	0
bv	uv	1	1003911	1005434	0.1197278091650973	1593	476816	3982500	0
bv	uv	1	1005434	1007012	0.126739937694704	1605	508544	4012500	0
bv	uv	1	1007012	1008571	0.1135054187192118	1624	460832	4060000	0
bv	uv	1	1008571	1010073	0.1155668316831683	1616	466890	4040000	0
bv	uv	1	1010073	1011599	0.1209557177615571	1644	497128	4110000	0
bv	uv	1	1011599	1013164	0.1237188643533123	1585	490236	3962500	0
bv	uv	1	1013164	1014708	0.1264673886883273	1662	525472	4155000	0
bv	uv	1	1014708	1016255	0.1283571248423707	1586	508936	3965000	0
bv	uv	1	1016255	1017789	0.1260453201970443	1624	511744	4060000	0
bv	uv	1	1017789	1019265	0.1289316455696202	1580	509280	3950000	0
bv	uv	1	1019265	1020748	0.1232646706586826	1670	514630	4175000	0
bv	uv	1	1020748	1022283	0.1242942928039702	1612	500906	4030000	0
bv	uv	1	1022283	1023819	0.1294679950186799	1606	519814	4015000	0
bv	uv	1	1023819	1025342	0.1286603015075376	1592	512068	3980000	0
bv	uv	1	1025342	1026835	0.1265253658536585	1640	518754	4100000	0
bv	uv	1	1026835	1028360	0.1158819753086419	1620	469322	4050000	0
bv	uv	1	1028360	1029894	0.1245280981595092	1630	507452	4075000	0
bv	uv	1	1029894	1031414	0.1218854320987654	1620	493636	4050000	0
bv	uv	1	1031414	1032937	0.1305271820448877	1604	523414	4010000	0
bv	uv	1	1032937	1034427	0.1250264972776769	1653	516672	4132500	0
bv	uv	1	1034427	1035903	0.1204850393700787	1651	497302	4127500	0
bv	uv	1	1035903	1037455	0.1162966070326958	1621	471292	4052500	0
bv	uv	1	1037455	1038984	0.1159690821256038	1656	480112	4140000	0
bv	uv	1	1038984	1040555	0.1278655548428479	1559	498356	3897500	0
bv	uv	1	1040555	1042050	0.1168462568472306	1643	479946	4107500	0
bv	uv	1	1042050	1043639	0.1218046740467404	1626	495136	4065000	0
bv	uv	1	1043639	1045153	0.1172676090964966	1627	476986	4067500	0
bv	uv	1	1045153	1046694	0.1178276660572821	1641	483388	4102500	0
bv	uv	1	1046694	1048225	0.1256123839009288	1615	507160	4037500	0
bv	uv	1	1048225	1049799	0.1203256857855361	1604	482506	4010000	0
bv	uv	1	1049799	1051348	0.1135755948749237	1639	465376	4097500	0
bv	uv	1	1051348	1052952	0.1201365384615384	1664	499768	4160000	0
bv	uv	1	1052952	1054514	0.1212621997471555	1582	479592	3955000	0
bv	uv	1	1054514	1056047	0.1170230153846153	1625	475406	4062500	0
bv	uv	1	1056047	1057637	0.1141796672828096	1623	463284	4057500	0
bv	uv	1	1057637	1059207	0.1206387293830177	1637	493714	4092500	0
bv	uv	1	1059207	1060761	0.1156730913642052	1598	462114	3995000	0
bv	uv	1	1060761	1062278	0.1195053091817614	1601	478320	4002500	0
bv	uv	1	1062278	1063828	0.1199651105651105	1628	488258	4070000	0
bv	uv	1	1063828	1065363	0.1287082706766917	1596	513546	3990000	0
bv	uv	1	1065363	1066937	0.1224941741741741	1665	509882	4162500	0
bv	uv	1	1066937	1068494	0.1240686967113276	1642	509302	4105000	0
bv	uv	1	1068494	1070069	0.1188202409638554	1660	493104	4150000	0
bv	uv	1	1070069	1071634	0.1235766169154228	1608	496778	4020000	0
bv	uv	1	1071634	1073182	0.127851323076923	1625	519396	4062500	0
bv	uv	1	1073182	1074664	0.1214012453300124	1606	487426	4015000	0
bv	uv	1	1074664	1076209	0.1188433617539585	1642	487852	4105000	0
bv	uv	1	1076209	1077749	0.1161451414514145	1626	472130	4065000	0
bv	uv	1	1077749	1079311	0.1251617866004963	1612	504402	4030000	0
bv	uv	1	1079311	1080846	0.1279389126450824	1637	523590	4092500	0
bv	uv	1	1080846	1082363	0.1323467661691542	1608	532034	4020000	0
bv	uv	1	1082363	1083928	0.1273841726618705	1668	531192	4170000	0
bv	uv	1	1083928	1085474	0.1337281767955801	1629	544608	4072500	0
bv	uv	1	1085474	1086992	0.1264635467980295	1624	513442	4060000	0
bv	uv	1	1086992	1088524	0.12156	1680	510552	4200000	0
bv	uv	1	1088524	1090098	0.123757281553398	1648	509880	4120000	0
bv	uv	1	1090098	1091613	0.1258318125770653	1622	510248	4055000	0
bv	uv	1	1091613	1093184	0.1213471604938271	1620	491456	4050000	0
bv	uv	1	1093184	1094735	0.1328386780905752	1634	542646	4085000	0
bv	uv	1	1094735	1096238	0.1304059627329192	1610	524884	4025000	0
bv	uv	1	1096238	1097753	0.1228773028296207	1661	510248	4152500	0
bv	uv	1	1097753	1099274	0.1186600363856883	1649	489176	4122500	0
bv	uv	1	1099274	1100766	0.124509395571514	1671	520138	4177500	0
bv	uv	1	1100766	1102286	0.1252937003058103	1635	512138	4087500	0
bv	uv	1	1102286	1103834	0.1250017052375152	1642	513132	4105000	0
bv	uv	1	1103834	1105333	0.1226537634408602	1674	513306	4185000	0
bv	uv	1	1105333	1106886	0.1209713239780353	1639	495680	4097500	0
bv	uv	1	1106886	1108399	0.122052886405959	1611	491568	4027500	0
bv	uv	1	1108399	1109923	0.119583322962041	1607	480426	4017500	0
bv	uv	1	1109923	1111453	0.1262816326530612	1568	495024	3920000	0
bv	uv	1	1111453	1112972	0.1233516564417177	1630	502658	4075000	0
bv	uv	1	1112972	1114492	0.1228645482866043	1605	492994	4012500	0
bv	uv	1	1114492	1115938	0.1240009656004828	1657	513674	4142500	0
bv	uv	1	1115938	1117495	0.1248533672172808	1574	491298	3935000	0
bv	uv	1	1117495	1119030	0.1199031055900621	1610	482610	4025000	0
bv	uv	1	1119030	1120616	0.1222948148148148	1620	495294	4050000	0
bv	uv	1	1120616	1122143	0.1207466337245213	1619	488722	4047500	0
bv	uv	1	1122143	1123712	0.1192059887710542	1603	477718	4007500	0
bv	uv	1	1123712	1125207	0.1213442542787286	1636	496298	4090000	0
bv	uv	1	1125207	1126690	0.1279817396668723	1621	518646	4052500	0
bv	uv	1	1126690	1128258	0.1218269326683291	1604	488526	4010000	0
bv	uv	1	1128258	1129855	0.1267783849423193	1647	522010	4117500	0
bv	uv	1	1129855	1131387	0.1189538461538461	1625	483250	4062500	0
bv	uv	1	1131387	1132933	0.122442794210195	1589	486404	3972500	0
bv	uv	1	1132933	1134506	0.1155476132190942	1634	472012	4085000	0
bv	uv	1	1134506	1136035	0.1346105775075987	1645	553586	4112500	0
bv	uv	1	1136035	1137574	0.1208343558282208	1630	492400	4075000	0
bv	uv	1	1137574	1139141	0.1236287769784172	1668	515532	4170000	0
bv	uv	1	1139141	1140710	0.1246509523809523	1680	523534	4200000	0
bv	uv	1	1140710	1142307	0.1265771394374626	1671	528776	4177500	0
bv	uv	1	1142307	1143865	0.1201027295285359	1612	484014	4030000	0
bv	uv	1	1143865	1145398	0.1288767189384801	1658	534194	4145000	0
bv	uv	1	1145398	1146945	0.1247858103975535	1635	510062	4087500	0
bv	uv	1	1146945	1148479	0.1237592705167173	1645	508960	4112500	0
bv	uv	1	1148479	1150045	0.1244562189054726	1608	500314	4020000	0
bv	uv	1	1150045	1151594	0.1249465273509526	1627	508220	4067500	0
bv	uv	1	1151594	1153129	0.1241550155763239	1605	498172	4012500	0
bv	uv	1	1153129	1154688	0.1163980319803198	1626	473158	4065000	0
bv	uv	1	1154688	1156228	0.1238535211267605	1633	505632	4082500	0
bv	uv	1	1156228	1157759	0.1232263947210557	1667	513546	4167500	0
bv	uv	1	1157759	1159248	0.122023241590214	1635	498770	4087500	0
bv	uv	1	1159248	1160787	0.1285071119356833	1617	519490	4042500	0
bv	uv	1	1160787	1162286	0.1179979974968711	1598	471402	3995000	0
bv	uv	1	1162286	1163823	0.1225193450576106	1649	505086	4122500	0
bv	uv	1	1163823	1165364	0.1206916512059369	1617	487896	4042500	0
bv	uv	1	1165364	1166891	0.125223352165725	1593	498702	3982500	0
bv	uv	1	1166891	1168417	0.1271856524427953	1617	514148	4042500	0
bv	uv	1	1168417	1169972	0.1283798665858095	1649	529246	4122500	0
bv	uv	1	1169972	1171525	0.1203767835550181	1654	497758	4135000	0
bv	uv	1	1171525	1173047	0.1215558011049723	1629	495036	4072500	0
bv	uv	1	1173047	1174575	0.1198758104738154	1604	480702	4010000	0
bv	uv	1	1174575	1176147	0.1191573790569504	1633	486460	4082500	0
bv	uv	1	1176147	1177659	0.1221422446406053	1586	484294	3965000	0
bv	uv	1	1177659	1179205	0.1273233353329334	1667	530620	4167500	0
bv	uv	1	1179205	1180788	0.1234347934918648	1598	493122	3995000	0
bv	uv	1	1180788	1182317	0.1198628019323671	1656	496232	4140000	0
bv	uv	1	1182317	1183879	0.1270603331276989	1621	514912	4052500	0
bv	uv	1	1183879	1185454	0.1246245962732919	1610	501614	4025000	0
bv	uv	1	1185454	1186999	0.1213190388170055	1623	492252	4057500	0
bv	uv	1	1186999	1188535	0.119168312004875	1641	488888	4102500	0
bv	uv	1	1188535	1190106	0.1219884733292458	1631	497408	4077500	0
bv	uv	1	1190106	1191665	0.1240668715427166	1627	504642	4067500	0
bv	uv	1	1191665	1193183	0.127639798488665	1588	506730	3970000	0
bv	uv	1	1193183	1194722	0.1220676923076923	1625	495900	4062500	0
bv	uv	1	1194722	1196227	0.1181719433719433	1554	459098	3885000	0
bv	uv	1	1196227	1197765	0.123132668329177	1604	493762	4010000	0
bv	uv	1	1197765	1199285	0.1204645947592931	1641	494206	4102500	0
bv	uv	1	1199285	1200805	0.1239834045149481	1639	508022	4097500	0
bv	uv	1	1200805	1202316	0.1239961399276236	1658	513964	4145000	0
bv	uv	1	1202316	1203839	0.120543396226415	1643	495132	4107500	0
bv	uv	1	1203839	1205373	0.1245130742049469	1698	528558	4245000	0
bv	uv	1	1205373	1206867	0.1248986980781153	1613	503654	4032500	0
bv	uv	1	1206867	1208383	0.1233394720687538	1629	502300	4072500	0
bv	uv	1	1208383	1209932	0.1116726823238566	1618	451716	4045000	0
bv	uv	1	1209932	1211507	0.1208235438381361	1631	492658	4077500	0
bv	uv	1	1211507	1213030	0.126149756097561	1640	517214	4100000	0
bv	uv	1	1213030	1214550	0.1229163995067817	1622	498426	4055000	0
bv	uv	1	1214550	1216097	0.1250650660264105	1666	520896	4165000	0
bv	uv	1	1216097	1217588	0.1177996284829721	1615	475616	4037500	0
bv	uv	1	1217588	1219109	0.1226110516934046	1683	515886	4207500	0
bv	uv	1	1219109	1220641	0.1216405689548546	1617	491732	4042500	0
bv	uv	1	1220641	1222206	0.1239178484107579	1636	506824	4090000	0
bv	uv	1	1222206	1223745	0.1208378843788437	1626	491206	4065000	0
bv	uv	1	1223745	1225256	0.1206998185117967	1653	498792	4132500	0
bv	uv	1	1225256	1226759	0.1193843499691928	1623	484402	4057500	0
bv	uv	1	1226759	1228264	0.1192142222222222	1575	469406	3937500	0
bv	uv	1	1228264	1229791	0.1199183770883055	1676	502458	4190000	0
bv	uv	1	1229791	1231336	0.1222019277108433	1660	507138	4150000	0
bv	uv	1	1231336	1232894	0.123582503037667	1646	508542	4115000	0
bv	uv	1	1232894	1234423	0.1230328282828282	1584	487210	3960000	0
bv	uv	1	1234423	1235998	0.1230132998745294	1594	490208	3985000	0
bv	uv	1	1235998	1237498	0.1198431860609832	1607	481470	4017500	0
bv	uv	1	1237498	1239035	0.1253850154798761	1615	506242	4037500	0
bv	uv	1	1239035	1240565	0.1253247204968944	1610	504432	4025000	0
bv	uv	1	1240565	1242112	0.1180888045540796	1581	466746	3952500	0
bv	uv	1	1242112	1243699	0.1271064415259537	1599	508108	3997500	0
bv	uv	1	1243699	1245239	0.1271037974683544	1580	502060	3950000	0
bv	uv	1	1245239	1246802	0.12776173374613	1615	515838	4037500	0
bv	uv	1	1246802	1248315	0.1256910240202275	1582	497108	3955000	0
bv	uv	1	1248315	1249861	0.1127656929770043	1609	453600	4022500	0
bv	uv	1	1249861	1251355	0.1282203562340967	1572	503906	3930000	0
bv	uv	1	1251355	1252906	0.1256177351707609	1669	524140	4172500	0
bv	uv	1	1252906	1254455	0.1224555282555282	1628	498394	4070000	0
bv	uv	1	1254455	1255998	0.1179155917345022	1597	470778	3992500	0
bv	uv	1	1255998	1257515	0.1191657701711491	1636	487388	4090000	0
bv	uv	1	1257515	1259043	0.1192234432234432	1638	488220	4095000	0
bv	uv	1	1259043	1260595	0.1275324873096446	1576	502478	3940000	0
bv	uv	1	1260595	1262081	0.115299320568252	1619	466674	4047500	0
bv	uv	1	1262081	1263625	0.1206758704948075	1637	493866	4092500	0
bv	uv	1	1263625	1265157	0.1168097311139564	1562	456142	3905000	0
bv	uv	1	1265157	1266667	0.1189884829721362	1615	480416	4037500	0
bv	uv	1	1266667	1268246	0.1186774818401937	1652	490138	4130000	0
bv	uv	1	1268246	1269833	0.121829296131896	1577	480312	3942500	0
bv	uv	1	1269833	1271385	0.127241949413942	1621	515648	4052500	0
bv	uv	1	1271385	1272989	0.11961	1600	478440	4000000	0
bv	uv	1	1272989	1274496	0.116823850931677	1610	470216	4025000	0
bv	uv	1	1274496	1276049	0.1195489671931956	1646	491944	4115000	0
bv	uv	1	1276049	1277559	0.1255916359163591	1626	510530	4065000	0
bv	uv	1	1277559	1279126	0.1198085679314565	1634	489418	4085000	0
bv	uv	1	1279126	1280696	0.1247631961259079	1652	515272	4130000	0
bv	uv	1	1280696	1282230	0.1254326258338386	1649	517096	4122500	0
bv	uv	1	1282230	1283717	0.1188702402957486	1623	482316	4057500	0
bv	uv	1	1283717	1285235	0.122228426395939	1576	481580	3940000	0
bv	uv	1	1285235	1286714	0.1243296457426973	1609	500116	4022500	0
bv	uv	1	1286714	1288263	0.1189223974763406	1585	471230	3962500	0
bv	uv	1	1288263	1289805	0.1291122915379864	1619	522582	4047500	0
bv	uv	1	1289805	1291321	0.1273444717444717	1628	518292	4070000	0
bv	uv	1	1291321	1292857	0.1208891089108911	1616	488392	4040000	0
bv	uv	1	1292857	1294362	0.1227084276729559	1590	487766	3975000	0
bv	uv	1	1294362	1295899	0.119876	1600	479504	4000000	0
bv	uv	1	1295899	1297394	0.1252799001248439	1602	501746	4005000	0
bv	uv	1	1297394	1298982	0.1262858530661809	1647	519982	4117500	0
bv	uv	1	1298982	1300570	0.1237232673267326	1616	499842	4040000	0
bv	uv	1	1300570	1302091	0.1238466916354556	1602	496006	4005000	0
bv	uv	1	1302091	1303599	0.1296311688311688	1617	524034	4042500	0
bv	uv	1	1303599	1305121	0.1201799019607843	1632	490334	4080000	0
bv	uv	1	1305121	1306648	0.1220556900726392	1652	504090	4130000	0
bv	uv	1	1306648	1308215	0.1271195691202872	1671	531042	4177500	0
bv	uv	1	1308215	1309685	0.1285648204503956	1643	528080	4107500	0
bv	uv	1	1309685	1311175	0.1223523926380368	1630	498586	4075000	0
bv	uv	1	1311175	1312747	0.122167069294342	1573	480422	3932500	0
bv	uv	1	1312747	1314319	0.1232714459295261	1646	507262	4115000	0
bv	uv	1	1314319	1315856	0.1224835322195704	1676	513206	4190000	0
bv	uv	1	1315856	1317413	0.1186173641474078	1601	474766	4002500	0
bv	uv	1	1317413	1318939	0.1209409429280397	1612	487392	4030000	0
bv	uv	1	1318939	1320490	0.1175282622139765	1617	475108	4042500	0
bv	uv	1	1320490	1321986	0.1185705159705159	1628	482582	4070000	0
bv	uv	1	1321986	1323551	0.1185941065830721	1595	472894	3987500	0
bv	uv	1	1323551	1325130	0.1159170406306852	1649	477868	4122500	0
bv	uv	1	1325130	1326690	0.1215966142684401	1654	502802	4135000	0
bv	uv	1	1326690	1328209	0.1230626865671641	1608	494712	4020000	0
bv	uv	1	1328209	1329756	0.1175960736196319	1630	479204	4075000	0
bv	uv	1	1329756	1331305	0.1248990243902439	1640	512086	4100000	0
bv	uv	1	1331305	1332821	0.1132779474648747	1637	463590	4092500	0
bv	uv	1	1332821	1334342	0.1235629764065335	1653	510624	4132500	0
bv	uv	1	1334342	1335846	0.1278402035623409	1572	502412	3930000	0
bv	uv	1	1335846	1337381	0.1239693827160493	1620	502076	4050000	0
bv	uv	1	1337381	1338934	0.1219759752321981	1615	492478	4037500	0
bv	uv	1	1338934	1340440	0.121151364764268	1612	488240	4030000	0
bv	uv	1	1340440	1342022	0.123560969546302	1609	497024	4022500	0
bv	uv	1	1342022	1343549	0.1277397823458283	1654	528204	4135000	0
bv	uv	1	1343549	1345081	0.1293356265356265	1628	526396	4070000	0
bv	uv	1	1345081	1346631	0.1244373737373737	1584	492772	3960000	0
bv	uv	1	1346631	1348208	0.1220500607533414	1646	502236	4115000	0
bv	uv	1	1348208	1349728	0.1221977695167286	1614	493068	4035000	0
bv	uv	1	1349728	1351276	0.1248627450980392	1632	509440	4080000	0
bv	uv	1	1351276	1352845	0.1226136677115987	1595	488922	3987500	0
bv	uv	1	1352845	1354330	0.1171959493670886	1580	462924	3950000	0
bv	uv	1	1354330	1355894	0.1234299575500303	1649	508840	4122500	0
bv	uv	1	1355894	1357371	0.1250998116760828	1593	498210	3982500	0
bv	uv	1	1357371	1358894	0.1247083700440528	1589	495404	3972500	0
bv	uv	1	1358894	1360411	0.117668796068796	1628	478912	4070000	0
bv	uv	1	1360411	1361943	0.1174860665844636	1622	476406	4055000	0
bv	uv	1	1361943	1363499	0.1200668715427166	1627	488372	4067500	0
bv	uv	1	1363499	1364981	0.1142225508317929	1623	463458	4057500	0
bv	uv	1	1364981	1366493	0.1262019607843137	1632	514904	4080000	0
bv	uv	1	1366493	1368022	0.1175814187068424	1593	468268	3982500	0
bv	uv	1	1368022	1369645	0.1127730964467005	1576	444326	3940000	0
bv	uv	1	1369645	1371161	0.1233265760197775	1618	498856	4045000	0
bv	uv	1	1371161	1372680	0.120758234928527	1609	485750	4022500	0
bv	uv	1	1372680	1374232	0.1198395061728395	1620	485350	4050000	0
bv	uv	1	1374232	1375818	0.1080371977681339	1613	435660	4032500	0
bv	uv	1	1375818	1377351	0.1155606269592476	1595	460798	3987500	0
bv	uv	1	1377351	1378863	0.1151710108073744	1573	452910	3932500	0
bv	uv	1	1378863	1380339	0.1117291692692067	1601	447196	4002500	0
bv	uv	1	1380339	1381902	0.124837139272271	1594	497476	3985000	0
bv	uv	1	1381902	1383465	0.1209768793430195	1583	478766	3957500	0
bv	uv	1	1383465	1384991	0.1274548628428927	1604	511094	4010000	0
bv	uv	1	1384991	1386525	0.1184088888888888	1620	479556	4050000	0
bv	uv	1	1386525	1388090	0.1137167733674776	1562	444064	3905000	0
bv	uv	1	1388090	1389667	0.1153428051001821	1647	474924	4117500	0
bv	uv	1	1389667	1391215	0.1196775757575757	1650	493670	4125000	0
bv	uv	1	1391215	1392746	0.1161902649414664	1623	471442	4057500	0
bv	uv	1	1392746	1394291	0.1175092581238504	1631	479144	4077500	0
bv	uv	1	1394291	1395788	0.1248081736909323	1566	488624	3915000	0
bv	uv	1	1395788	1397297	0.128817657878602	1631	525254	4077500	0
bv	uv	1	1397297	1398821	0.1202619251992642	1631	490368	4077500	0
bv	uv	1	1398821	1400359	0.1264268823895457	1607	507920	4017500	0
bv	uv	1	1400359	1401901	0.1288634603372891	1601	515776	4002500	0
bv	uv	1	1401901	1403466	0.1212971112476951	1627	493376	4067500	0
bv	uv	1	1403466	1404981	0.1287023661270236	1606	516740	4015000	0
bv	uv	1	1404981	1406532	0.1214448424953675	1619	491548	4047500	0
bv	uv	1	1406532	1408088	0.1173388550548112	1642	481676	4105000	0
bv	uv	1	1408088	1409595	0.1284383561643835	1606	515680	4015000	0
bv	uv	1	1409595	1411175	0.1228507389162561	1624	498774	4060000	0
bv	uv	1	1411175	1412664	0.1237890220820189	1585	490514	3962500	0
bv	uv	1	1412664	1414189	0.1223965874466788	1641	502132	4102500	0
bv	uv	1	1414189	1415708	0.1241051373954599	1674	519380	4185000	0
bv	uv	1	1415708	1417227	0.1199537515375153	1626	487612	4065000	0
bv	uv	1	1417227	1418707	0.1245533126934984	1615	502884	4037500	0
bv	uv	1	1418707	1420242	0.1359593544530783	1673	568650	4182500	0
bv	uv	1	1420242	1421748	0.1185628104179285	1651	489368	4127500	0
bv	uv	1	1421748	1423286	0.1163749208359721	1579	459390	3947500	0
bv	uv	1	1423286	1424790	0.1153132962275819	1617	466154	4042500	0
bv	uv	1	1424790	1426338	0.1168014842300556	1617	472170	4042500	0
bv	uv	1	1426338	1427925	0.1251960248447205	1610	503914	4025000	0
bv	uv	1	1427925	1429499	0.1205172115977791	1621	488396	4052500	0
bv	uv	1	1429499	1430976	0.1286145631067961	1648	529892	4120000	0
bv	uv	1	1430976	1432472	0.1250365513054037	1647	514838	4117500	0
bv	uv	1	1432472	1433984	0.1153976019184652	1668	481208	4170000	0
bv	uv	1	1433984	1435546	0.1209346062052506	1676	506716	4190000	0
bv	uv	1	1435546	1437038	0.1271476070528967	1588	504776	3970000	0
bv	uv	1	1437038	1438563	0.1198350813743218	1659	497016	4147500	0
bv	uv	1	1438563	1440107	0.1268608588957055	1630	516958	4075000	0
bv	uv	1	1440107	1441642	0.1260821986258588	1601	504644	4002500	0
bv	uv	1	1441642	1443167	0.122518024691358	1620	496198	4050000	0
bv	uv	1	1443167	1444777	0.1163530834340991	1654	481120	4135000	0
bv	uv	1	1444777	1446303	0.128163097398669	1653	529634	4132500	0
bv	uv	1	1446303	1447834	0.121561422543701	1659	504176	4147500	0
bv	uv	1	1447834	1449378	0.1325136050156739	1595	528398	3987500	0
bv	uv	1	1449378	1450914	0.1292221276595744	1645	531426	4112500	0
bv	uv	1	1450914	1452367	0.1209937614678899	1635	494562	4087500	0
bv	uv	1	1452367	1453874	0.1302453495440729	1645	535634	4112500	0
bv	uv	1	1453874	1455362	0.1208642156862745	1632	493126	4080000	0
bv	uv	1	1455362	1456908	0.1259476336816226	1627	512292	4067500	0
bv	uv	1	1456908	1458429	0.1273198302001212	1649	524876	4122500	0
bv	uv	1	1458429	1459957	0.1136048989589712	1633	463792	4082500	0
bv	uv	1	1459957	1461481	0.1242059701492537	1608	499308	4020000	0
bv	uv	1	1461481	1463045	0.1244366355140186	1605	499302	4012500	0
bv	uv	1	1463045	1464612	0.1175747992588017	1619	475884	4047500	0
bv	uv	1	1464612	1466173	0.1182441621294615	1653	488644	4132500	0
bv	uv	1	1466173	1467683	0.1252711842938568	1579	494508	3947500	0
bv	uv	1	1467683	1469212	0.1246034653465346	1616	503398	4040000	0
bv	uv	1	1469212	1470746	0.1215037701974865	1671	507582	4177500	0
bv	uv	1	1470746	1472235	0.1260516605166051	1626	512400	4065000	0
bv	uv	1	1472235	1473813	0.1260942355889724	1596	503116	3990000	0
bv	uv	1	1473813	1475362	0.1249083181542198	1647	514310	4117500	0
bv	uv	1	1475362	1476876	0.1266488328075709	1585	501846	3962500	0
bv	uv	1	1476876	1478417	0.1238524466750313	1594	493552	3985000	0
bv	uv	1	1478417	1480002	0.1259977570093458	1605	505566	4012500	0
bv	uv	1	1480002	1481486	0.1344430268918073	1599	537436	3997500	0
bv	uv	1	1481486	1483016	0.1258844221105527	1592	501020	3980000	0
bv	uv	1	1483016	1484565	0.1226244025157232	1590	487432	3975000	0
bv	uv	1	1484565	1486132	0.1129158348736907	1623	458156	4057500	0
bv	uv	1	1486132	1487635	0.128156862745098	1632	522880	4080000	0
bv	uv	1	1487635	1489174	0.1290749700598802	1670	538888	4175000	0
bv	uv	1	1489174	1490704	0.1178486215538847	1596	470216	3990000	0
bv	uv	1	1490704	1492219	0.13306553808948	1654	550226	4135000	0
bv	uv	1	1492219	1493746	0.1258918518518518	1620	509862	4050000	0
bv	uv	1	1493746	1495243	0.1220446105919003	1605	489704	4012500	0
bv	uv	1	1495243	1496735	0.1252477865372953	1649	516334	4122500	0
bv	uv	1	1496735	1498280	0.1229575178997613	1676	515192	4190000	0
bv	uv	1	1498280	1499867	0.1212408468244084	1606	486782	4015000	0
bv	uv	1	1499867	1500000	0.1536356687898089	157	60302	392500	0
