pop1	pop2	chromosome	window_pos_1	window_pos_2	avg_wc_fst	no_snps
bv	uv	1	1	1251	0.2705211301570427	1000
bv	uv	1	1251	2428	0.2864938961307676	1000
bv	uv	1	2428	3636	0.2785731251754442	1001
bv	uv	1	3636	4862	0.2747080503976123	997
bv	uv	1	4862	6010	0.2573385394948001	1000
bv	uv	1	6010	7213	0.2788321015491252	997
bv	uv	1	7213	8473	0.2682550170759061	997
bv	uv	1	8473	9662	0.2386516853932584	1000
bv	uv	1	9662	10812	0.2617589286578227	998
bv	uv	1	10812	11952	0.2462742499747426	1000
bv	uv	1	11952	13184	0.2795410307296203	1000
bv	uv	1	13184	14444	0.2491410266346327	1000
bv	uv	1	14444	15596	0.2814665176864657	999
bv	uv	1	15596	16829	0.2766519988415221	997
bv	uv	1	16829	18008	0.2578101843618471	1000
bv	uv	1	18008	19190	0.2462960512451051	1001
bv	uv	1	19190	20430	0.2867422909018633	1003
bv	uv	1	20430	21655	0.2498801428046118	1000
bv	uv	1	21655	22914	0.2672527450658468	999
bv	uv	1	22914	24145	0.28034548614737	1000
bv	uv	1	24145	25380	0.2862202591774657	1003
bv	uv	1	25380	26608	0.2731833138933933	999
bv	uv	1	26608	27796	0.2945250359911804	998
bv	uv	1	27796	29005	0.2847767616998386	1002
bv	uv	1	29005	30186	0.260067233227807	1001
bv	uv	1	30186	31383	0.2728461712442596	999
bv	uv	1	31383	32606	0.2565350316566875	998
bv	uv	1	32606	33946	0.2215895668890463	996
bv	uv	1	33946	35203	0.2650652930682407	998
bv	uv	1	35203	36474	0.2880692431921528	998
bv	uv	1	36474	37652	0.2784326493563512	998
bv	uv	1	37652	38829	0.2649156020651034	998
bv	uv	1	38829	40039	0.2556712740198978	998
bv	uv	1	40039	41279	0.2505283535554728	1001
bv	uv	1	41279	42461	0.2605357903196955	997
bv	uv	1	42461	43735	0.2818108698150063	998
bv	uv	1	43735	44971	0.2669562835114085	1001
bv	uv	1	44971	46195	0.2582005271031391	1001
bv	uv	1	46195	47395	0.2439839371872097	998
bv	uv	1	47395	48615	0.2607315389924085	1002
bv	uv	1	48615	49830	0.2643457582260896	995
bv	uv	1	49830	51071	0.2557198896132048	995
bv	uv	1	51071	52265	0.2855224088224994	995
bv	uv	1	52265	53510	0.2673596653347261	1001
bv	uv	1	53510	54672	0.2755209339256206	999
bv	uv	1	54672	55841	0.3072700908963072	995
bv	uv	1	55841	57056	0.2922511665857962	995
bv	uv	1	57056	58251	0.2944204131350814	1000
bv	uv	1	58251	59465	0.2583403527579957	999
bv	uv	1	59465	60722	0.2841202724923655	999
bv	uv	1	60722	61994	0.2998943728205351	1000
bv	uv	1	61994	63175	0.3020546064491482	1000
bv	uv	1	63175	64471	0.2807268380878893	1003
bv	uv	1	64471	65624	0.303960919754815	995
bv	uv	1	65624	66776	0.2634898657743932	999
bv	uv	1	66776	68003	0.2937950341915645	999
bv	uv	1	68003	69161	0.3015720103341069	996
bv	uv	1	69161	70407	0.29317127749806	1000
bv	uv	1	70407	71583	0.3105531488521498	1001
bv	uv	1	71583	72824	0.2700438481865435	1000
bv	uv	1	72824	74035	0.2447711491391173	1002
bv	uv	1	74035	75293	0.2506406996718707	994
bv	uv	1	75293	76516	0.2448237787825302	999
bv	uv	1	76516	77751	0.2966065837352966	1001
bv	uv	1	77751	79036	0.2705688351866445	1001
bv	uv	1	79036	80269	0.2709644198284415	1002
bv	uv	1	80269	81529	0.2756092523750516	998
bv	uv	1	81529	82757	0.2853365350256563	1000
bv	uv	1	82757	83977	0.3288369759810757	1001
bv	uv	1	83977	85217	0.2955822545093291	1002
bv	uv	1	85217	86508	0.3040202725840695	1002
bv	uv	1	86508	87753	0.2989423859182012	998
bv	uv	1	87753	88997	0.2639429567588114	1000
bv	uv	1	88997	90241	0.2800020163068819	1001
bv	uv	1	90241	91491	0.257540433144181	1001
bv	uv	1	91491	92798	0.2691005976812846	1002
bv	uv	1	92798	93996	0.2690109506566031	999
bv	uv	1	93996	95190	0.2536185634321515	1000
bv	uv	1	95190	96369	0.2512494170176397	1002
bv	uv	1	96369	97560	0.2648839165587082	998
bv	uv	1	97560	98714	0.2677391195909715	998
bv	uv	1	98714	99933	0.2699244996490021	1002
bv	uv	1	99933	101099	0.2640158986312833	1000
bv	uv	1	101099	102366	0.2863197635074972	1000
bv	uv	1	102366	103545	0.2563771918122934	1001
bv	uv	1	103545	104773	0.3080908635765599	998
bv	uv	1	104773	106070	0.2932672540924074	998
bv	uv	1	106070	107320	0.3073292341649915	999
bv	uv	1	107320	108565	0.2497102598112699	1002
bv	uv	1	108565	109806	0.2752983416471696	998
bv	uv	1	109806	111029	0.2744958836204212	996
bv	uv	1	111029	112327	0.2651437808405649	1000
bv	uv	1	112327	113593	0.2394188751494229	1000
bv	uv	1	113593	114786	0.2717058638846348	1001
bv	uv	1	114786	116048	0.2480413277172224	999
bv	uv	1	116048	117251	0.2550513674805016	1002
bv	uv	1	117251	118360	0.2852074151602101	994
bv	uv	1	118360	119491	0.2786855022699513	1001
bv	uv	1	119491	120718	0.2690889708168614	1001
bv	uv	1	120718	121918	0.2589241990772958	997
bv	uv	1	121918	123146	0.2458909226746357	1001
bv	uv	1	123146	124391	0.2585041718578925	999
bv	uv	1	124391	125645	0.270011071331004	999
bv	uv	1	125645	126917	0.3006300881008141	992
bv	uv	1	126917	128137	0.2698244248705885	1004
bv	uv	1	128137	129438	0.2905819918104277	998
bv	uv	1	129438	130693	0.2716573866065625	1000
bv	uv	1	130693	131875	0.3131256147659549	998
bv	uv	1	131875	133097	0.2705740675625053	999
bv	uv	1	133097	134323	0.2776238572007955	998
bv	uv	1	134323	135570	0.2909861206962656	1004
bv	uv	1	135570	136816	0.2905192119299009	1000
bv	uv	1	136816	138108	0.2851341744086565	999
bv	uv	1	138108	139337	0.2877653747218964	1000
bv	uv	1	139337	140641	0.2888504610047853	998
bv	uv	1	140641	141928	0.275344277980366	1001
bv	uv	1	141928	143197	0.2768380912710809	1001
bv	uv	1	143197	144466	0.2708919819736351	1002
bv	uv	1	144466	145697	0.3027428289488438	1000
bv	uv	1	145697	146909	0.2758088261697008	996
bv	uv	1	146909	148193	0.2744470971988878	999
bv	uv	1	148193	149415	0.2777623453492596	999
bv	uv	1	149415	150694	0.2608536361971056	998
bv	uv	1	150694	151979	0.2772902345083126	1000
bv	uv	1	151979	153252	0.2969668469315777	998
bv	uv	1	153252	154465	0.3027402402402402	999
bv	uv	1	154465	155726	0.2895036504502667	998
bv	uv	1	155726	156939	0.3083823846302155	996
bv	uv	1	156939	158189	0.2776803546202932	1000
bv	uv	1	158189	159382	0.2890509705329124	998
bv	uv	1	159382	160476	0.2773854176415676	992
bv	uv	1	160476	161703	0.304084188016151	997
bv	uv	1	161703	162893	0.312439278564657	991
bv	uv	1	162893	164188	0.2845304684956642	997
bv	uv	1	164188	165453	0.3030406975188356	1001
bv	uv	1	165453	166784	0.3120396641160118	994
bv	uv	1	166784	168127	0.2894329436285944	1001
bv	uv	1	168127	169391	0.3089788224653981	1002
bv	uv	1	169391	170626	0.2790666354789093	998
bv	uv	1	170626	171934	0.270123204872544	1000
bv	uv	1	171934	173208	0.2796486366763744	1000
bv	uv	1	173208	174496	0.2786294393007462	1001
bv	uv	1	174496	175729	0.2663565565249628	998
bv	uv	1	175729	176898	0.3025103614147357	998
bv	uv	1	176898	178066	0.300280013843381	998
bv	uv	1	178066	179335	0.2809360601253871	1001
bv	uv	1	179335	180581	0.280159120368301	999
bv	uv	1	180581	181888	0.2707691228281187	996
bv	uv	1	181888	183086	0.2800773891349727	997
bv	uv	1	183086	184348	0.2479185356563891	1000
bv	uv	1	184348	185623	0.3158673577244661	994
bv	uv	1	185623	186868	0.2980837691628997	1001
bv	uv	1	186868	188124	0.2991828808031952	1000
bv	uv	1	188124	189342	0.292596416967531	1001
bv	uv	1	189342	190534	0.3024749959245514	1003
bv	uv	1	190534	191824	0.2891989730853616	1003
bv	uv	1	191824	193037	0.2628778892124088	998
bv	uv	1	193037	194270	0.3014408940619548	1001
bv	uv	1	194270	195519	0.2775773709140318	998
bv	uv	1	195519	196681	0.2416286498678342	1002
bv	uv	1	196681	197900	0.3086991312299954	1003
bv	uv	1	197900	199144	0.3090696996208807	1000
bv	uv	1	199144	200348	0.325831305758313	1000
bv	uv	1	200348	201548	0.2887026244370229	1000
bv	uv	1	201548	202725	0.3063842346637606	999
bv	uv	1	202725	203953	0.2745914014380127	1002
bv	uv	1	203953	205184	0.276153051714149	1002
bv	uv	1	205184	206378	0.2836720232697576	996
bv	uv	1	206378	207612	0.2873816265591016	1004
bv	uv	1	207612	208910	0.2546720670788033	1002
bv	uv	1	208910	210121	0.2891398002177721	997
bv	uv	1	210121	211381	0.3014036431561477	998
bv	uv	1	211381	212635	0.3452507390296143	992
bv	uv	1	212635	213903	0.3396525567760554	994
bv	uv	1	213903	215062	0.2997850002792204	1000
bv	uv	1	215062	216282	0.2913504332308486	999
bv	uv	1	216282	217534	0.2793665700223847	999
bv	uv	1	217534	218836	0.3208485219504503	999
bv	uv	1	218836	220038	0.3463431423162967	1000
bv	uv	1	220038	221294	0.2984653783539061	1000
bv	uv	1	221294	222610	0.2897683464903772	1000
bv	uv	1	222610	223911	0.2839660656967726	1002
bv	uv	1	223911	225199	0.2976032597205404	995
bv	uv	1	225199	226448	0.3164691981260029	1000
bv	uv	1	226448	227679	0.3009528934654925	1001
bv	uv	1	227679	229009	0.2992034282953939	997
bv	uv	1	229009	230250	0.3183331885442909	998
bv	uv	1	230250	231410	0.3051926394617564	1000
bv	uv	1	231410	232653	0.2907092907092907	1001
bv	uv	1	232653	233813	0.2814302613446505	1001
bv	uv	1	233813	235058	0.3036885512046237	998
bv	uv	1	235058	236316	0.287498356776653	1002
bv	uv	1	236316	237576	0.2568710252359542	999
bv	uv	1	237576	238944	0.2835171430714982	996
bv	uv	1	238944	240240	0.2971891884114274	997
bv	uv	1	240240	241493	0.2934571777811935	1000
bv	uv	1	241493	242637	0.3163232392228294	998
bv	uv	1	242637	243901	0.2686403913038135	998
bv	uv	1	243901	245148	0.2666138344843202	997
bv	uv	1	245148	246396	0.2863198187091244	1002
bv	uv	1	246396	247662	0.3004151361265995	999
bv	uv	1	247662	248905	0.2736536202312496	997
bv	uv	1	248905	250139	0.2911313926496244	999
bv	uv	1	250139	251478	0.2963670475033363	1001
bv	uv	1	251478	252710	0.2821384910634403	1003
bv	uv	1	252710	253970	0.293221448550854	999
bv	uv	1	253970	255193	0.296444946137659	999
bv	uv	1	255193	256421	0.2900272209849047	999
bv	uv	1	256421	257727	0.2789111877490155	1001
bv	uv	1	257727	258928	0.2907472604955979	1000
bv	uv	1	258928	260196	0.2873522458628841	996
bv	uv	1	260196	261405	0.2782039711191336	998
bv	uv	1	261405	262684	0.2982631954436022	995
bv	uv	1	262684	263920	0.2893130065984601	996
bv	uv	1	263920	265192	0.2965646573334876	999
bv	uv	1	265192	266379	0.2460810834570357	1000
bv	uv	1	266379	267675	0.2771744392257431	1000
bv	uv	1	267675	268970	0.3160506405539518	994
bv	uv	1	268970	270246	0.2660756340237119	997
bv	uv	1	270246	271468	0.2628500713345472	996
bv	uv	1	271468	272666	0.2818685728057164	1001
bv	uv	1	272666	273962	0.3117044611040701	997
bv	uv	1	273962	275188	0.2769687041295319	995
bv	uv	1	275188	276380	0.2701525054466231	1000
bv	uv	1	276380	277608	0.2945322380619098	999
bv	uv	1	277608	278835	0.3021094357295635	1004
bv	uv	1	278835	280036	0.3002355010781977	1000
bv	uv	1	280036	281271	0.3284137487549269	999
bv	uv	1	281271	282514	0.3110406131514847	997
bv	uv	1	282514	283800	0.290994105686581	998
bv	uv	1	283800	285079	0.2852646596330564	1001
bv	uv	1	285079	286274	0.3041751863646834	999
bv	uv	1	286274	287545	0.2922403901319563	999
bv	uv	1	287545	288867	0.2989772827530623	994
bv	uv	1	288867	290113	0.3254424113126009	1001
bv	uv	1	290113	291427	0.2691326654789372	998
bv	uv	1	291427	292667	0.3054483577293018	1000
bv	uv	1	292667	293920	0.281629744308059	1000
bv	uv	1	293920	295152	0.2856222054862369	1001
bv	uv	1	295152	296451	0.2703699112525194	999
bv	uv	1	296451	297701	0.2758167267451087	998
bv	uv	1	297701	298986	0.2778268448033347	996
bv	uv	1	298986	300310	0.3012759369081685	1000
bv	uv	1	300310	301527	0.275797408451758	1000
bv	uv	1	301527	302787	0.2856173434765527	1001
bv	uv	1	302787	304073	0.2740934802611941	1002
bv	uv	1	304073	305328	0.2468547981264274	1002
bv	uv	1	305328	306561	0.2702254135701235	998
bv	uv	1	306561	307818	0.305356332830679	999
bv	uv	1	307818	309119	0.3038540071465033	995
bv	uv	1	309119	310415	0.3026022517970659	997
bv	uv	1	310415	311724	0.2863374158861785	999
bv	uv	1	311724	313050	0.2817931409062694	997
bv	uv	1	313050	314363	0.3067155067155067	997
bv	uv	1	314363	315608	0.288902140629363	997
bv	uv	1	315608	316922	0.3104118964965408	999
bv	uv	1	316922	318254	0.3030143633632353	997
bv	uv	1	318254	319565	0.2649085730037673	1000
bv	uv	1	319565	320860	0.3420419684510519	1000
bv	uv	1	320860	322137	0.3297792387494644	1000
bv	uv	1	322137	323405	0.3313445095080545	1001
bv	uv	1	323405	324675	0.2714997249662801	1000
bv	uv	1	324675	325968	0.2916062255542629	995
bv	uv	1	325968	327331	0.307321297263826	1000
bv	uv	1	327331	328717	0.3143751472361586	1001
bv	uv	1	328717	330088	0.3090140026073174	1000
bv	uv	1	330088	331465	0.325519340438219	1001
bv	uv	1	331465	332681	0.2933417157753413	999
bv	uv	1	332681	333957	0.3039640098463627	995
bv	uv	1	333957	335219	0.282261182653496	998
bv	uv	1	335219	336603	0.2819388816304578	993
bv	uv	1	336603	337909	0.2891242120047343	999
bv	uv	1	337909	339222	0.3103555930192626	995
bv	uv	1	339222	340520	0.3014483937713998	999
bv	uv	1	340520	341892	0.305993390186309	1002
bv	uv	1	341892	343199	0.2903361935574624	1002
bv	uv	1	343199	344516	0.3187833408757423	1001
bv	uv	1	344516	345873	0.2967688257439899	999
bv	uv	1	345873	347199	0.3038656309433789	999
bv	uv	1	347199	348477	0.3158018214003881	1001
bv	uv	1	348477	349800	0.3002729212103877	1000
bv	uv	1	349800	351102	0.2714222162240517	999
bv	uv	1	351102	352423	0.2802583585869895	1001
bv	uv	1	352423	353758	0.2753687842017606	1002
bv	uv	1	353758	355171	0.2998858275349518	1002
bv	uv	1	355171	356515	0.2957374947612355	1000
bv	uv	1	356515	357802	0.2964337736582249	999
bv	uv	1	357802	359132	0.2990571760719456	996
bv	uv	1	359132	360499	0.289250603699999	1000
bv	uv	1	360499	361840	0.2945542777562418	1002
bv	uv	1	361840	363184	0.2977748848870566	994
bv	uv	1	363184	364460	0.3018867924528302	997
bv	uv	1	364460	365755	0.2850450724197306	1001
bv	uv	1	365755	366972	0.2879985840467652	997
bv	uv	1	366972	368282	0.2704344040319069	1004
bv	uv	1	368282	369613	0.3128274354771317	999
bv	uv	1	369613	370934	0.2956469456469456	1001
bv	uv	1	370934	372221	0.3159049822922412	999
bv	uv	1	372221	373560	0.3243927125506073	1002
bv	uv	1	373560	375008	0.3195926623421915	1001
bv	uv	1	375008	376293	0.31379074579694	1001
bv	uv	1	376293	377624	0.2997990363429457	997
bv	uv	1	377624	378929	0.3016684416045438	1004
bv	uv	1	378929	380265	0.314055767409661	996
bv	uv	1	380265	381604	0.3228189428185421	999
bv	uv	1	381604	382955	0.3256984136953988	997
bv	uv	1	382955	384254	0.3189489135719361	999
bv	uv	1	384254	385631	0.3214614601480704	997
bv	uv	1	385631	387031	0.3471626631337958	1003
bv	uv	1	387031	388373	0.3401250501921642	999
bv	uv	1	388373	389639	0.3398052938721617	995
bv	uv	1	389639	390990	0.3174534430489388	999
bv	uv	1	390990	392325	0.3032819296164492	1000
bv	uv	1	392325	393644	0.2933679336793368	998
bv	uv	1	393644	394965	0.2996263444862769	1001
bv	uv	1	394965	396282	0.314689563646248	1002
bv	uv	1	396282	397570	0.2896025365826283	1001
bv	uv	1	397570	398912	0.280191681865322	999
bv	uv	1	398912	400262	0.2862009483899929	998
bv	uv	1	400262	401638	0.3035333837032801	1001
bv	uv	1	401638	402926	0.2933619873172466	1002
bv	uv	1	402926	404253	0.3012843931546787	997
bv	uv	1	404253	405562	0.3203690447784936	997
bv	uv	1	405562	406962	0.2871559974676945	1000
bv	uv	1	406962	408251	0.2873219244689064	1000
bv	uv	1	408251	409533	0.323152350649145	992
bv	uv	1	409533	410928	0.3365573067065604	998
bv	uv	1	410928	412246	0.2643925264691505	1001
bv	uv	1	412246	413583	0.2881483043896037	1001
bv	uv	1	413583	414953	0.2621307379196389	997
bv	uv	1	414953	416323	0.3066760288434723	1000
bv	uv	1	416323	417726	0.3362986406632023	999
bv	uv	1	417726	419071	0.3304666257137006	1001
bv	uv	1	419071	420426	0.3119260421809108	999
bv	uv	1	420426	421806	0.3164892236954614	1002
bv	uv	1	421806	423096	0.336814584906188	999
bv	uv	1	423096	424458	0.2828194621705738	1001
bv	uv	1	424458	425852	0.3339316871751304	994
bv	uv	1	425852	427217	0.3502863221746904	996
bv	uv	1	427217	428607	0.3233588687002774	997
bv	uv	1	428607	429935	0.3120281819780876	998
bv	uv	1	429935	431353	0.3322593448670355	1001
bv	uv	1	431353	432670	0.3433248694287897	1001
bv	uv	1	432670	434049	0.3292896753706887	998
bv	uv	1	434049	435303	0.360419741775674	998
bv	uv	1	435303	436636	0.3398937269569507	998
bv	uv	1	436636	437940	0.3300271483482515	1001
bv	uv	1	437940	439216	0.3237255476526634	999
bv	uv	1	439216	440416	0.3245509952204639	999
bv	uv	1	440416	441782	0.3133177093230299	995
bv	uv	1	441782	443153	0.3099460555226764	996
bv	uv	1	443153	444455	0.3232724568985548	1004
bv	uv	1	444455	445801	0.3349891742423714	997
bv	uv	1	445801	447123	0.3229339299524914	997
bv	uv	1	447123	448433	0.3423919615667908	1001
bv	uv	1	448433	449831	0.338968629256113	1000
bv	uv	1	449831	451202	0.3209863892133889	1000
bv	uv	1	451202	452599	0.3209733758571946	997
bv	uv	1	452599	454077	0.3156666491203003	1001
bv	uv	1	454077	455452	0.3062110413446237	1001
bv	uv	1	455452	456864	0.3335629761711784	1001
bv	uv	1	456864	458253	0.3429568839899518	1003
bv	uv	1	458253	459670	0.3312513560550454	999
bv	uv	1	459670	461069	0.3187112545355731	1003
bv	uv	1	461069	462526	0.3144272933955556	998
bv	uv	1	462526	463965	0.3252913465123147	997
bv	uv	1	463965	465381	0.3094510653410761	995
bv	uv	1	465381	466743	0.3443741119938069	998
bv	uv	1	466743	468130	0.3225924144293625	1002
bv	uv	1	468130	469522	0.2923762305094489	999
bv	uv	1	469522	470937	0.3412250602777834	1000
bv	uv	1	470937	472384	0.3332342596720662	996
bv	uv	1	472384	473740	0.3635984374407403	996
bv	uv	1	473740	475149	0.3185774243428318	999
bv	uv	1	475149	476617	0.2979901853383184	993
bv	uv	1	476617	478017	0.3011080501989593	1001
bv	uv	1	478017	479386	0.3281434398227706	1002
bv	uv	1	479386	480801	0.3154337432613044	1001
bv	uv	1	480801	482223	0.2935316862179697	1000
bv	uv	1	482223	483693	0.3425650618162867	1001
bv	uv	1	483693	485118	0.3311475875185398	1001
bv	uv	1	485118	486578	0.3350884582982308	994
bv	uv	1	486578	488012	0.2973198647209808	999
bv	uv	1	488012	489429	0.314330911359695	994
bv	uv	1	489429	490302	0.3066374190467663	999
bv	uv	1	490302	490915	0.3135927273109001	1001
bv	uv	1	490915	491521	0.3216897575781362	999
bv	uv	1	491521	492100	0.2865303644048161	1001
bv	uv	1	492100	492713	0.3219112712047043	999
bv	uv	1	492713	493302	0.2789897964936016	997
bv	uv	1	493302	493914	0.3285914682865002	998
bv	uv	1	493914	494545	0.2963337182448037	993
bv	uv	1	494545	495152	0.3138869285658276	1001
bv	uv	1	495152	495778	0.3024177566389219	999
bv	uv	1	495778	496384	0.2942822275798434	996
bv	uv	1	496384	496998	0.3002688331959423	1003
bv	uv	1	496998	497611	0.3400321188865798	996
bv	uv	1	497611	498213	0.3278937906237034	1002
bv	uv	1	498213	498854	0.3175838994478793	1001
bv	uv	1	498854	499483	0.2931882305521966	1000
bv	uv	1	499483	500220	0.2912805690158406	1000
bv	uv	1	500220	501425	0.2937432483723102	997
bv	uv	1	501425	502641	0.2994430061975367	996
bv	uv	1	502641	503828	0.2819159919446327	992
bv	uv	1	503828	505048	0.2800252175252176	994
bv	uv	1	505048	506240	0.2736282150435282	1000
bv	uv	1	506240	507443	0.2735661299077256	1000
bv	uv	1	507443	508683	0.2505948052847399	1001
bv	uv	1	508683	509883	0.266184694867554	1000
bv	uv	1	509883	511095	0.2822059173515218	997
bv	uv	1	511095	512315	0.2759080680302304	999
bv	uv	1	512315	513519	0.3112224108263422	996
bv	uv	1	513519	514794	0.3017335517335517	1001
bv	uv	1	514794	515998	0.3000032220795301	1000
bv	uv	1	515998	517188	0.3119875247561405	999
bv	uv	1	517188	518398	0.2929898142600359	999
bv	uv	1	518398	519579	0.2923383602010747	999
bv	uv	1	519579	520787	0.2828209091950074	997
bv	uv	1	520787	521995	0.2886157619336273	996
bv	uv	1	521995	523197	0.3038454737508259	1001
bv	uv	1	523197	524397	0.277014758151754	996
bv	uv	1	524397	525664	0.2617500320781348	995
bv	uv	1	525664	526876	0.2734711360229228	998
bv	uv	1	526876	528076	0.2721764544622405	1001
bv	uv	1	528076	529209	0.2997272246762563	1000
bv	uv	1	529209	530431	0.2785002043706808	996
bv	uv	1	530431	531650	0.2902671647074258	1000
bv	uv	1	531650	532867	0.2582009207544991	999
bv	uv	1	532867	534049	0.2890591741166454	995
bv	uv	1	534049	535252	0.2940921749128347	994
bv	uv	1	535252	536511	0.3099907399767124	996
bv	uv	1	536511	537724	0.2680278652209397	1002
bv	uv	1	537724	538989	0.264935557793639	997
bv	uv	1	538989	540220	0.2805737523693121	999
bv	uv	1	540220	541405	0.3132052277902398	999
bv	uv	1	541405	542618	0.3156790097516674	1000
bv	uv	1	542618	543781	0.2944592515547465	999
bv	uv	1	543781	545006	0.2815320572673513	1001
bv	uv	1	545006	546176	0.2678613993355029	1000
bv	uv	1	546176	547422	0.3071178636535493	1001
bv	uv	1	547422	548593	0.266010739899809	996
bv	uv	1	548593	549776	0.2972002437402027	995
bv	uv	1	549776	551072	0.2932227137020165	998
bv	uv	1	551072	552260	0.3020919284702759	1000
bv	uv	1	552260	553473	0.2691007437457741	1000
bv	uv	1	553473	554711	0.2822766728930886	999
bv	uv	1	554711	555884	0.2788100083509045	1000
bv	uv	1	555884	557102	0.2859014123381939	1002
bv	uv	1	557102	558347	0.2697436357922148	1002
bv	uv	1	558347	559533	0.2682838470344447	1004
bv	uv	1	559533	560815	0.2799842619510809	1000
bv	uv	1	560815	562054	0.2804297228297769	1000
bv	uv	1	562054	563229	0.2737406216505895	998
bv	uv	1	563229	564439	0.2626829618409785	1002
bv	uv	1	564439	565643	0.2751673035864865	1000
bv	uv	1	565643	566885	0.2681241851453622	998
bv	uv	1	566885	568179	0.280847104026896	1001
bv	uv	1	568179	569399	0.2680364111879429	999
bv	uv	1	569399	570599	0.2860207693128071	1002
bv	uv	1	570599	571807	0.2758196215860251	1000
bv	uv	1	571807	572986	0.2607326740008149	999
bv	uv	1	572986	574203	0.2685858495177105	1000
bv	uv	1	574203	575457	0.266439779230877	997
bv	uv	1	575457	576741	0.2636797694496343	999
bv	uv	1	576741	577931	0.2658188532923742	997
bv	uv	1	577931	579149	0.2751311345836028	997
bv	uv	1	579149	580381	0.2666627312662642	1001
bv	uv	1	580381	581635	0.261032518035486	998
bv	uv	1	581635	582814	0.265107668185049	996
bv	uv	1	582814	583983	0.2781988830395305	999
bv	uv	1	583983	585213	0.2464312376987986	996
bv	uv	1	585213	586446	0.299209669920967	1000
bv	uv	1	586446	587719	0.2675404586780696	1003
bv	uv	1	587719	588955	0.2674411176467698	1001
bv	uv	1	588955	590122	0.2491941170544978	998
bv	uv	1	590122	591351	0.2570542635658914	999
bv	uv	1	591351	592595	0.2812306499718759	997
bv	uv	1	592595	593846	0.2552296740940176	1000
bv	uv	1	593846	595084	0.2721995921928731	1000
bv	uv	1	595084	596322	0.265969395941826	997
bv	uv	1	596322	597538	0.2948878893742991	1000
bv	uv	1	597538	598791	0.2712512148248825	999
bv	uv	1	598791	600013	0.2705977768236248	996
bv	uv	1	600013	601205	0.3018369383423985	1001
bv	uv	1	601205	602419	0.2881353466585202	996
bv	uv	1	602419	603707	0.2532096371494113	1000
bv	uv	1	603707	604962	0.285561028059238	998
bv	uv	1	604962	606152	0.2815523347993499	999
bv	uv	1	606152	607438	0.2737274405636561	995
bv	uv	1	607438	608668	0.2960798009877088	1000
bv	uv	1	608668	609870	0.2764425514653686	999
bv	uv	1	609870	611104	0.2651909917756654	997
bv	uv	1	611104	612290	0.3032991177509667	998
bv	uv	1	612290	613514	0.2873211491169237	998
bv	uv	1	613514	614732	0.3058525624053821	1000
bv	uv	1	614732	615915	0.2944965464157669	998
bv	uv	1	615915	617113	0.289866777261185	999
bv	uv	1	617113	618402	0.2850256748386581	1000
bv	uv	1	618402	619644	0.2954574427399822	998
bv	uv	1	619644	620842	0.2661936979264548	1000
bv	uv	1	620842	622068	0.2867877631826129	1002
bv	uv	1	622068	623288	0.2637849435872165	999
bv	uv	1	623288	624592	0.2939456869805128	1000
bv	uv	1	624592	625855	0.2669364364253287	998
bv	uv	1	625855	627068	0.2820872870657985	1000
bv	uv	1	627068	628293	0.2460527020718052	997
bv	uv	1	628293	629540	0.2761340207449246	998
bv	uv	1	629540	630724	0.2704780507349811	1003
bv	uv	1	630724	631927	0.2642910278333285	999
bv	uv	1	631927	633078	0.2747272906876649	1003
bv	uv	1	633078	634322	0.2590194763655422	999
bv	uv	1	634322	635522	0.2551776599921476	997
bv	uv	1	635522	636736	0.2817974714526439	998
bv	uv	1	636736	638031	0.2722782163775952	994
bv	uv	1	638031	639272	0.277504105090312	995
bv	uv	1	639272	640453	0.2723325974981604	994
bv	uv	1	640453	641659	0.2790527730508414	992
bv	uv	1	641659	642966	0.2848095169291528	1004
bv	uv	1	642966	644158	0.277479475083875	998
bv	uv	1	644158	645384	0.2586773392532837	1001
bv	uv	1	645384	646598	0.2752487157492038	1001
bv	uv	1	646598	647813	0.2852191365671399	996
bv	uv	1	647813	649093	0.2957749811309148	999
bv	uv	1	649093	650347	0.2957358011250226	997
bv	uv	1	650347	651559	0.2860571711728452	1001
bv	uv	1	651559	652794	0.3069854811373895	999
bv	uv	1	652794	654045	0.2915404334653926	1002
bv	uv	1	654045	655219	0.2828654082698144	998
bv	uv	1	655219	656388	0.2415627224032662	1003
bv	uv	1	656388	657631	0.2767058732641906	1002
bv	uv	1	657631	658846	0.2958838503392959	1000
bv	uv	1	658846	660111	0.3077514621739652	1000
bv	uv	1	660111	661417	0.2969209008812969	998
bv	uv	1	661417	662662	0.2850047292447942	1000
bv	uv	1	662662	663933	0.290885760581453	997
bv	uv	1	663933	665199	0.2717036396811677	998
bv	uv	1	665199	666439	0.2509650255759141	1001
bv	uv	1	666439	667645	0.2736375140133855	999
bv	uv	1	667645	668872	0.283579407915662	1000
bv	uv	1	668872	670161	0.2900152186858996	999
bv	uv	1	670161	671402	0.287070299950349	1001
bv	uv	1	671402	672663	0.2598308444162014	998
bv	uv	1	672663	673819	0.3008842625232125	1001
bv	uv	1	673819	675171	0.2917533016225658	1002
bv	uv	1	675171	676394	0.3012901966943171	1001
bv	uv	1	676394	677533	0.2937845074761261	999
bv	uv	1	677533	678813	0.3109869646182495	1001
bv	uv	1	678813	680073	0.2985560402981047	1002
bv	uv	1	680073	681315	0.3139755411680073	1002
bv	uv	1	681315	682553	0.2643368975877502	997
bv	uv	1	682553	683728	0.2917074307011413	993
bv	uv	1	683728	684941	0.2831343317919341	1001
bv	uv	1	684941	686141	0.2989853182366075	994
bv	uv	1	686141	687397	0.3095610936728297	995
bv	uv	1	687397	688714	0.2952611802270117	1000
bv	uv	1	688714	689887	0.2863954343284342	996
bv	uv	1	689887	691137	0.2845622091095605	1003
bv	uv	1	691137	692358	0.2923229870759208	997
bv	uv	1	692358	693596	0.3193947297834753	999
bv	uv	1	693596	694857	0.3041019371639284	1004
bv	uv	1	694857	696081	0.3009933806554204	998
bv	uv	1	696081	697339	0.2854560671113686	999
bv	uv	1	697339	698549	0.279603547209181	1001
bv	uv	1	698549	699781	0.3136833602205455	1002
bv	uv	1	699781	701024	0.336600456819036	997
bv	uv	1	701024	702310	0.3196370484506077	1002
bv	uv	1	702310	703592	0.2871327373387888	996
bv	uv	1	703592	704828	0.2721678349850939	997
bv	uv	1	704828	706123	0.2853512926781133	995
bv	uv	1	706123	707387	0.3175068619660734	999
bv	uv	1	707387	708606	0.2945075427453222	1001
bv	uv	1	708606	709827	0.2840617381245363	998
bv	uv	1	709827	711156	0.2829119543339515	1000
bv	uv	1	711156	712332	0.2653229791219569	999
bv	uv	1	712332	713580	0.2588110799875506	999
bv	uv	1	713580	714843	0.2861331306330764	1001
bv	uv	1	714843	716052	0.2999180649068433	1000
bv	uv	1	716052	717354	0.3033628145375366	1003
bv	uv	1	717354	718627	0.306657988690333	999
bv	uv	1	718627	719885	0.3177222085413448	1000
bv	uv	1	719885	721052	0.2908026920427274	999
bv	uv	1	721052	722294	0.2461655277145026	1003
bv	uv	1	722294	723566	0.2593018266519554	1001
bv	uv	1	723566	724798	0.2673700615922115	993
bv	uv	1	724798	726017	0.2657409689699559	1002
bv	uv	1	726017	727290	0.273490879458409	995
bv	uv	1	727290	728549	0.2472747871884377	997
bv	uv	1	728549	729798	0.2729515809317864	1000
bv	uv	1	729798	731013	0.2908353006224204	1000
bv	uv	1	731013	732229	0.306277691710938	1000
bv	uv	1	732229	733425	0.3019765854746545	995
bv	uv	1	733425	734611	0.3256998323632236	1001
bv	uv	1	734611	735817	0.3164224337229158	1002
bv	uv	1	735817	737055	0.2822389545562893	1000
bv	uv	1	737055	738308	0.2643882666367798	998
bv	uv	1	738308	739595	0.2704069285467867	1001
bv	uv	1	739595	740898	0.3136242183841556	997
bv	uv	1	740898	742139	0.2840147397599822	999
bv	uv	1	742139	743424	0.2540852066324678	1001
bv	uv	1	743424	744724	0.2619223751047986	1004
bv	uv	1	744724	746021	0.2675131420855964	997
bv	uv	1	746021	747284	0.2446516257128203	999
bv	uv	1	747284	748582	0.2741344136373866	998
bv	uv	1	748582	749873	0.294462078061365	997
bv	uv	1	749873	751234	0.3029032097819221	997
bv	uv	1	751234	752442	0.3196221367898433	999
bv	uv	1	752442	753638	0.3139982575949189	1002
bv	uv	1	753638	754904	0.300347546103407	994
bv	uv	1	754904	756155	0.2988509922148366	999
bv	uv	1	756155	757358	0.2853347570199189	1000
bv	uv	1	757358	758649	0.2943666299897899	998
bv	uv	1	758649	759892	0.2859117726924881	999
bv	uv	1	759892	761143	0.3224943394588271	1000
bv	uv	1	761143	762529	0.3202671900574379	995
bv	uv	1	762529	763811	0.3171709399882688	993
bv	uv	1	763811	765065	0.2939190795416726	1001
bv	uv	1	765065	766337	0.2751459512455992	998
bv	uv	1	766337	767648	0.2781191216412009	998
bv	uv	1	767648	768966	0.2835610240673532	997
bv	uv	1	768966	770209	0.2968829059639198	1001
bv	uv	1	770209	771443	0.2993460690318678	1002
bv	uv	1	771443	772794	0.2962387115026877	999
bv	uv	1	772794	774110	0.3129729676536867	999
bv	uv	1	774110	775358	0.3484458255181359	1001
bv	uv	1	775358	776602	0.3254367876724372	997
bv	uv	1	776602	777985	0.313238723609507	998
bv	uv	1	777985	779340	0.2870198829887229	997
bv	uv	1	779340	780571	0.2971563423600631	994
bv	uv	1	780571	781906	0.3093258292251162	1001
bv	uv	1	781906	783167	0.2904843924697066	1000
bv	uv	1	783167	784384	0.3070874392371789	1002
bv	uv	1	784384	785605	0.3209222436922991	998
bv	uv	1	785605	786921	0.3098428951463133	1002
bv	uv	1	786921	788174	0.3173666866932474	1003
bv	uv	1	788174	789425	0.3004236249693659	1003
bv	uv	1	789425	790716	0.2737109372297517	1002
bv	uv	1	790716	791978	0.2893661998775635	997
bv	uv	1	791978	793285	0.273891489290639	999
bv	uv	1	793285	794557	0.3062954529100308	998
bv	uv	1	794557	795811	0.2906908956475991	1001
bv	uv	1	795811	797096	0.2906311281866571	1001
bv	uv	1	797096	798298	0.2798592428959218	996
bv	uv	1	798298	799513	0.2855530155504755	1002
bv	uv	1	799513	800748	0.2692250611592246	1000
bv	uv	1	800748	802062	0.2640581115758421	996
bv	uv	1	802062	803346	0.2701334112377057	1000
bv	uv	1	803346	804582	0.2646232328909256	995
bv	uv	1	804582	805824	0.2934584233527675	998
bv	uv	1	805824	807066	0.3421918709889748	997
bv	uv	1	807066	808368	0.3015018024412989	1002
bv	uv	1	808368	809650	0.2906097515551086	998
bv	uv	1	809650	810902	0.286794549841377	998
bv	uv	1	810902	812115	0.2964923007723826	1002
bv	uv	1	812115	813473	0.2809646708778333	1000
bv	uv	1	813473	814701	0.2621095518334088	1001
bv	uv	1	814701	816040	0.297309333124883	996
bv	uv	1	816040	817284	0.2816915854300992	998
bv	uv	1	817284	818563	0.3003992938617923	1006
bv	uv	1	818563	819788	0.2879941311589758	1000
bv	uv	1	819788	821026	0.3322760830009574	1002
bv	uv	1	821026	822382	0.2853034739673198	999
bv	uv	1	822382	823633	0.2882799936164205	997
bv	uv	1	823633	824886	0.2997511370462542	1000
bv	uv	1	824886	826243	0.2778049781655069	998
bv	uv	1	826243	827466	0.2815788676642926	997
bv	uv	1	827466	828680	0.2878320737042191	1002
bv	uv	1	828680	829986	0.2853866465126117	996
bv	uv	1	829986	831280	0.3073686793242551	1002
bv	uv	1	831280	832601	0.3006959751379704	1002
bv	uv	1	832601	833872	0.3219021096804138	996
bv	uv	1	833872	835153	0.3124632376968826	1000
bv	uv	1	835153	836396	0.2955910278283836	1002
bv	uv	1	836396	837736	0.3092297476759628	1001
bv	uv	1	837736	839025	0.3145623327068739	1001
bv	uv	1	839025	840363	0.3409817619871672	998
bv	uv	1	840363	841674	0.2693116855118684	998
bv	uv	1	841674	842957	0.2745919048485952	999
bv	uv	1	842957	844165	0.2816413649836115	1001
bv	uv	1	844165	845487	0.2876876876876877	1001
bv	uv	1	845487	846800	0.3342925594060981	999
bv	uv	1	846800	848130	0.3416009874757539	999
bv	uv	1	848130	849463	0.3243656156956376	995
bv	uv	1	849463	850747	0.3340580864210353	998
bv	uv	1	850747	852054	0.3369774268650672	998
bv	uv	1	852054	853338	0.2795358493729626	996
bv	uv	1	853338	854571	0.3109521751455751	1001
bv	uv	1	854571	855845	0.3014105100197815	1000
bv	uv	1	855845	857199	0.2862832294967958	1000
bv	uv	1	857199	858468	0.2963645930830876	996
bv	uv	1	858468	859785	0.2840057407112104	1001
bv	uv	1	859785	861025	0.3025504930708816	999
bv	uv	1	861025	862499	0.2909065841332325	1000
bv	uv	1	862499	863807	0.303858332915739	1001
bv	uv	1	863807	865087	0.3086686409288088	1002
bv	uv	1	865087	866362	0.3282294635335448	1002
bv	uv	1	866362	867611	0.2964274875763438	1000
bv	uv	1	867611	868834	0.2899404045613432	996
bv	uv	1	868834	870095	0.2985386913859328	998
bv	uv	1	870095	871411	0.3160764717650945	997
bv	uv	1	871411	872757	0.320641001455942	995
bv	uv	1	872757	874110	0.3027184072430801	1000
bv	uv	1	874110	875312	0.3468432635961074	1001
bv	uv	1	875312	876608	0.3165246359382667	997
bv	uv	1	876608	878018	0.3222195344836854	1000
bv	uv	1	878018	879267	0.2853478110803272	1001
bv	uv	1	879267	880553	0.280237174974017	1001
bv	uv	1	880553	881844	0.2941424044365221	998
bv	uv	1	881844	883142	0.2967012667760797	999
bv	uv	1	883142	884485	0.2733606801022531	999
bv	uv	1	884485	885871	0.2916243393254126	1001
bv	uv	1	885871	887218	0.2698630834224054	997
bv	uv	1	887218	888522	0.3143152902658915	1000
bv	uv	1	888522	889832	0.27935206368622	1001
bv	uv	1	889832	891162	0.3045997232191025	998
bv	uv	1	891162	892525	0.3195627777421888	994
bv	uv	1	892525	893764	0.3131393929187892	999
bv	uv	1	893764	895172	0.2881783977070087	1000
bv	uv	1	895172	896559	0.2763092836517543	1001
bv	uv	1	896559	897935	0.2841585629765852	1001
bv	uv	1	897935	899241	0.3198687223824595	997
bv	uv	1	899241	900607	0.292987430098129	997
bv	uv	1	900607	901979	0.304386121525918	1000
bv	uv	1	901979	903417	0.2945111753078911	1001
bv	uv	1	903417	904739	0.3183257072145961	994
bv	uv	1	904739	906128	0.3380308194116294	998
bv	uv	1	906128	907426	0.2784283413848631	997
bv	uv	1	907426	908691	0.3062207657619808	1001
bv	uv	1	908691	910026	0.2995899859402719	998
bv	uv	1	910026	911275	0.3107084858792893	1002
bv	uv	1	911275	912543	0.3086197303758954	1001
bv	uv	1	912543	913881	0.3180669082329148	1001
bv	uv	1	913881	915272	0.279176173029427	994
bv	uv	1	915272	916702	0.2908791370527045	999
bv	uv	1	916702	918008	0.3376137900117857	1001
bv	uv	1	918008	919410	0.3075517795435036	1002
bv	uv	1	919410	920749	0.2769835735316907	1000
bv	uv	1	920749	922152	0.3147239773860991	997
bv	uv	1	922152	923536	0.2909927232967613	1002
bv	uv	1	923536	924850	0.2613713403631736	996
bv	uv	1	924850	926213	0.3172731389153829	997
bv	uv	1	926213	927630	0.2730569624210592	1000
bv	uv	1	927630	929052	0.2575198652572408	999
bv	uv	1	929052	930371	0.2927215378206273	1000
bv	uv	1	930371	931730	0.281227141689256	996
bv	uv	1	931730	933175	0.3309394259190731	999
bv	uv	1	933175	934528	0.3452620434092112	1001
bv	uv	1	934528	935891	0.3053369083646627	995
bv	uv	1	935891	937295	0.3038758285395057	998
bv	uv	1	937295	938575	0.3346738313977003	1004
bv	uv	1	938575	939954	0.2940086488473585	997
bv	uv	1	939954	941289	0.3349024182900139	1001
bv	uv	1	941289	942702	0.3254650562171418	1002
bv	uv	1	942702	944078	0.3063340331138875	1001
bv	uv	1	944078	945492	0.3100853691124143	997
bv	uv	1	945492	946928	0.3188352853759577	998
bv	uv	1	946928	948272	0.2912092437666937	995
bv	uv	1	948272	949635	0.3070338047530774	998
bv	uv	1	949635	951048	0.2642943641814583	1003
bv	uv	1	951048	952479	0.2969674547442364	996
bv	uv	1	952479	953934	0.2869085902470775	997
bv	uv	1	953934	955364	0.2971454699849761	1002
bv	uv	1	955364	956737	0.2797882842200331	1002
bv	uv	1	956737	958142	0.2949539992033652	1002
bv	uv	1	958142	959599	0.3347821396094388	1000
bv	uv	1	959599	961019	0.3202968910908944	1001
bv	uv	1	961019	962454	0.2942835661282262	996
bv	uv	1	962454	963845	0.3224081342238747	1001
bv	uv	1	963845	965322	0.3094081179111191	999
bv	uv	1	965322	966789	0.3087511689887935	998
bv	uv	1	966789	968230	0.3140492894405468	998
bv	uv	1	968230	969571	0.3113823487998103	1001
bv	uv	1	969571	970996	0.3185400218454253	999
bv	uv	1	970996	972518	0.3248234642159766	1000
bv	uv	1	972518	973926	0.3883935770728223	1001
bv	uv	1	973926	975424	0.3137480975879722	998
bv	uv	1	975424	976928	0.3321495580728326	999
bv	uv	1	976928	978400	0.3404013918200961	1000
bv	uv	1	978400	979863	0.3465123594761502	997
bv	uv	1	979863	981368	0.3649939892104604	992
bv	uv	1	981368	982892	0.31523384753877	999
bv	uv	1	982892	984404	0.3613895107837735	994
bv	uv	1	984404	985813	0.3388983612768779	999
bv	uv	1	985813	987332	0.3284912838617815	995
bv	uv	1	987332	988851	0.3370128513569065	998
bv	uv	1	988851	990144	0.3339029358666164	996
bv	uv	1	990144	990712	0.3155080213903743	1004
bv	uv	1	990712	991272	0.3274774885295777	1002
bv	uv	1	991272	991829	0.3228196062722422	1003
bv	uv	1	991829	992401	0.3087593146328729	1001
bv	uv	1	992401	992933	0.3264841133063027	1003
bv	uv	1	992933	993481	0.3438196045966136	1002
bv	uv	1	993481	994040	0.34867790108234	1004
bv	uv	1	994040	994587	0.2946837327240785	999
bv	uv	1	994587	995158	0.3390872443313482	1003
bv	uv	1	995158	995694	0.346431483167598	1001
bv	uv	1	995694	996254	0.3369535017426874	1003
bv	uv	1	996254	996787	0.3154092217567764	999
bv	uv	1	996787	997306	0.3305705824937547	1003
bv	uv	1	997306	997882	0.3279739735745322	1007
bv	uv	1	997882	998404	0.3076521429675718	1002
bv	uv	1	998404	998952	0.3214569160997732	1002
bv	uv	1	998952	999524	0.3037583621478391	1003
bv	uv	1	999524	1000150	0.3076108746086446	998
bv	uv	1	1000150	1001373	0.2684210916586953	1000
bv	uv	1	1001373	1002607	0.2886667494817964	996
bv	uv	1	1002607	1003877	0.2680762799150331	996
bv	uv	1	1003877	1005101	0.2772804568935091	999
bv	uv	1	1005101	1006317	0.2692106534137119	997
bv	uv	1	1006317	1007593	0.3110905380804405	1000
bv	uv	1	1007593	1008854	0.2551862160171168	997
bv	uv	1	1008854	1010065	0.2833940123913023	997
bv	uv	1	1010065	1011329	0.2890786486394903	999
bv	uv	1	1011329	1012494	0.2669931919723778	1004
bv	uv	1	1012494	1013744	0.3039952780438716	999
bv	uv	1	1013744	1014919	0.2876145364005615	999
bv	uv	1	1014919	1016168	0.3003515018716333	998
bv	uv	1	1016168	1017343	0.2984379848970725	998
bv	uv	1	1017343	1018545	0.2543598641553083	1000
bv	uv	1	1018545	1019853	0.2528285432526917	994
bv	uv	1	1019853	1021142	0.2902870632808537	1002
bv	uv	1	1021142	1022404	0.2770051343402622	1003
bv	uv	1	1022404	1023587	0.2953974509668349	1001
bv	uv	1	1023587	1024854	0.2867333736898955	996
bv	uv	1	1024854	1026079	0.2817147286147872	1001
bv	uv	1	1026079	1027313	0.2650198003012439	999
bv	uv	1	1027313	1028536	0.2539322817331209	1000
bv	uv	1	1028536	1029689	0.2733221711725294	999
bv	uv	1	1029689	1030945	0.2707283448603436	1003
bv	uv	1	1030945	1032177	0.3000562773740488	995
bv	uv	1	1032177	1033343	0.2575505980314297	999
bv	uv	1	1033343	1034625	0.2564535959251732	998
bv	uv	1	1034625	1035833	0.2746450153857561	999
bv	uv	1	1035833	1037039	0.2973319668988211	997
bv	uv	1	1037039	1038280	0.2994004337287919	997
bv	uv	1	1038280	1039467	0.2957051936063741	998
bv	uv	1	1039467	1040634	0.2577193984389872	999
bv	uv	1	1040634	1041931	0.2986644925848281	996
bv	uv	1	1041931	1043139	0.2904768825552725	1000
bv	uv	1	1043139	1044364	0.298030154798332	1000
bv	uv	1	1044364	1045572	0.2885164634683376	1000
bv	uv	1	1045572	1046774	0.2982379304807369	999
bv	uv	1	1046774	1048019	0.2713788743706879	997
bv	uv	1	1048019	1049296	0.2729867306430682	995
bv	uv	1	1049296	1050518	0.307499830932576	1000
bv	uv	1	1050518	1051729	0.2690182429367186	995
bv	uv	1	1051729	1052979	0.266547267384613	998
bv	uv	1	1052979	1054240	0.2927117101746004	996
bv	uv	1	1054240	1055409	0.2705790155830846	998
bv	uv	1	1055409	1056520	0.2798948251801451	994
bv	uv	1	1056520	1057726	0.2714520621497365	1001
bv	uv	1	1057726	1059005	0.2526798860449282	995
bv	uv	1	1059005	1060225	0.2689670269009855	999
bv	uv	1	1060225	1061478	0.2638472796825548	997
bv	uv	1	1061478	1062629	0.2784976857472939	1002
bv	uv	1	1062629	1063841	0.2930120666685836	1000
bv	uv	1	1063841	1065013	0.262698159755421	998
bv	uv	1	1065013	1066184	0.2409788680030554	999
bv	uv	1	1066184	1067315	0.3123369280657524	1004
bv	uv	1	1067315	1068499	0.2916695632024099	999
bv	uv	1	1068499	1069671	0.2865719106957424	1003
bv	uv	1	1069671	1070947	0.2766604698326855	1000
bv	uv	1	1070947	1072189	0.3030848251061218	991
bv	uv	1	1072189	1073361	0.2775955197667097	998
bv	uv	1	1073361	1074575	0.2602028780372729	1000
bv	uv	1	1074575	1075794	0.2855312195064602	998
bv	uv	1	1075794	1077052	0.3009047860646034	1000
bv	uv	1	1077052	1078197	0.2840253662976484	996
bv	uv	1	1078197	1079296	0.2882393632312778	998
bv	uv	1	1079296	1080482	0.2662729490306843	998
bv	uv	1	1080482	1081672	0.2802863661168687	1000
bv	uv	1	1081672	1082913	0.2586763220768984	1003
bv	uv	1	1082913	1084186	0.2633736788477689	997
bv	uv	1	1084186	1085421	0.2835371805914441	1000
bv	uv	1	1085421	1086659	0.2726048076945722	1000
bv	uv	1	1086659	1087997	0.2637704983856377	998
bv	uv	1	1087997	1089300	0.2472884875585173	1000
bv	uv	1	1089300	1090586	0.2574825373619233	988
bv	uv	1	1090586	1091802	0.2774259299701537	994
bv	uv	1	1091802	1093062	0.2675900445010499	996
bv	uv	1	1093062	1094376	0.2823358261873954	997
bv	uv	1	1094376	1095704	0.2822062800814405	995
bv	uv	1	1095704	1096882	0.2599043188782821	997
bv	uv	1	1096882	1098081	0.284726631393298	995
bv	uv	1	1098081	1099347	0.3340558520608824	1000
bv	uv	1	1099347	1100575	0.3151223323637117	999
bv	uv	1	1100575	1101848	0.318856836476257	999
bv	uv	1	1101848	1103061	0.3213899468660366	1001
bv	uv	1	1103061	1104269	0.2791174577514332	1001
bv	uv	1	1104269	1105554	0.3188023605835706	997
bv	uv	1	1105554	1106830	0.2817101555800563	1002
bv	uv	1	1106830	1108008	0.2975374903637765	1003
bv	uv	1	1108008	1109288	0.2905551733802134	998
bv	uv	1	1109288	1110458	0.288924152210965	996
bv	uv	1	1110458	1111689	0.2790467118004803	998
bv	uv	1	1111689	1112927	0.3014917014319004	998
bv	uv	1	1112927	1114149	0.3162569102790186	997
bv	uv	1	1114149	1115428	0.2911204830213861	1001
bv	uv	1	1115428	1116624	0.293645875624123	997
bv	uv	1	1116624	1117960	0.2804604596026679	998
bv	uv	1	1117960	1119167	0.289699059473249	998
bv	uv	1	1119167	1120367	0.2946999480128697	999
bv	uv	1	1120367	1121563	0.3131090923081797	1000
bv	uv	1	1121563	1122766	0.3048687471455431	1004
bv	uv	1	1122766	1123980	0.2737304809752249	1000
bv	uv	1	1123980	1125188	0.3023975141787203	994
bv	uv	1	1125188	1126460	0.2914211778840599	1001
bv	uv	1	1126460	1127602	0.2666700832924558	1000
bv	uv	1	1127602	1128788	0.292953037663898	997
bv	uv	1	1128788	1130067	0.2707075527404804	998
bv	uv	1	1130067	1131375	0.3010217386150819	997
bv	uv	1	1131375	1132669	0.2944844057450796	993
bv	uv	1	1132669	1133818	0.2901821253919514	998
bv	uv	1	1133818	1135015	0.2819988237367184	1001
bv	uv	1	1135015	1136262	0.3259790453163351	993
bv	uv	1	1136262	1137525	0.2913910154227868	1000
bv	uv	1	1137525	1138840	0.3255436165423835	998
bv	uv	1	1138840	1140009	0.3412620162681785	998
bv	uv	1	1140009	1141238	0.2990399560256264	1000
bv	uv	1	1141238	1142491	0.2898088078810971	999
bv	uv	1	1142491	1143764	0.2659197140151371	995
bv	uv	1	1143764	1145052	0.2896968037154953	1000
bv	uv	1	1145052	1146255	0.3031738602139862	996
bv	uv	1	1146255	1147546	0.2608398323480564	1000
bv	uv	1	1147546	1148800	0.2785729544969024	997
bv	uv	1	1148800	1150001	0.2644861960987101	995
bv	uv	1	1150001	1151186	0.2840286765728619	1000
bv	uv	1	1151186	1152401	0.2913298898120156	997
bv	uv	1	1152401	1153657	0.2663968019773263	1000
bv	uv	1	1153657	1154904	0.2799454973368017	1000
bv	uv	1	1154904	1156071	0.250002416930112	990
bv	uv	1	1156071	1157293	0.2927244668299548	999
bv	uv	1	1157293	1158517	0.3091869206518888	997
bv	uv	1	1158517	1159831	0.2811121166859197	999
bv	uv	1	1159831	1161049	0.3049543562369542	999
bv	uv	1	1161049	1162282	0.2728776158253458	999
bv	uv	1	1162282	1163541	0.2955703751897636	1002
bv	uv	1	1163541	1164791	0.2666417760709941	997
bv	uv	1	1164791	1166006	0.2648518868554954	999
bv	uv	1	1166006	1167237	0.2590678490822298	1000
bv	uv	1	1167237	1168475	0.283307635200731	999
bv	uv	1	1168475	1169663	0.2865805210554928	1001
bv	uv	1	1169663	1170842	0.2577361514814416	998
bv	uv	1	1170842	1172066	0.3150868474262466	999
bv	uv	1	1172066	1173278	0.2673693788587973	1001
bv	uv	1	1173278	1174444	0.304515622111296	1004
bv	uv	1	1174444	1175629	0.2653884964682139	998
bv	uv	1	1175629	1176864	0.2769513952132452	1002
bv	uv	1	1176864	1178166	0.2850440408155567	998
bv	uv	1	1178166	1179389	0.2756206925825596	1002
bv	uv	1	1179389	1180652	0.2753229262320171	999
bv	uv	1	1180652	1181898	0.3031189083820662	992
bv	uv	1	1181898	1183213	0.29413894147747	1000
bv	uv	1	1183213	1184497	0.2937104353567129	1000
bv	uv	1	1184497	1185756	0.2966164786671645	1000
bv	uv	1	1185756	1187052	0.3089877162290735	1000
bv	uv	1	1187052	1188303	0.270186297975525	998
bv	uv	1	1188303	1189578	0.2675790201013882	992
bv	uv	1	1189578	1190848	0.2749755971996034	999
bv	uv	1	1190848	1192159	0.2730524854503711	997
bv	uv	1	1192159	1193460	0.2889905532871092	999
bv	uv	1	1193460	1194666	0.2638323150033944	1001
bv	uv	1	1194666	1195903	0.2725827954055341	1001
bv	uv	1	1195903	1197193	0.2913450984114467	1001
bv	uv	1	1197193	1198444	0.2620255922523091	995
bv	uv	1	1198444	1199651	0.2919052334007778	1002
bv	uv	1	1199651	1200931	0.2932020749766553	999
bv	uv	1	1200931	1202163	0.2890327410441024	1001
bv	uv	1	1202163	1203366	0.2880738343521515	1000
bv	uv	1	1203366	1204653	0.3013264943890228	1000
bv	uv	1	1204653	1205918	0.2738641290705369	1003
bv	uv	1	1205918	1207147	0.2785916848388054	1000
bv	uv	1	1207147	1208404	0.2892731673777702	998
bv	uv	1	1208404	1209637	0.2946104905841782	998
bv	uv	1	1209637	1210883	0.2959326855616103	996
bv	uv	1	1210883	1212064	0.2929381396899077	1002
bv	uv	1	1212064	1213329	0.2817147665572991	1000
bv	uv	1	1213329	1214528	0.3396985416027701	999
bv	uv	1	1214528	1215771	0.2666186056291491	996
bv	uv	1	1215771	1216963	0.2937060440541216	996
bv	uv	1	1216963	1218287	0.281791566321953	1000
bv	uv	1	1218287	1219515	0.3036236549028684	999
bv	uv	1	1219515	1220781	0.3117128847836259	1003
bv	uv	1	1220781	1222059	0.3070134989737886	999
bv	uv	1	1222059	1223371	0.3060871684172535	999
bv	uv	1	1223371	1224638	0.3175497074771179	1001
bv	uv	1	1224638	1225971	0.325492418874876	1001
bv	uv	1	1225971	1227201	0.2943320826088282	997
bv	uv	1	1227201	1228574	0.2997206563432955	1001
bv	uv	1	1228574	1229831	0.2836882465292625	998
bv	uv	1	1229831	1231030	0.3158637262644876	998
bv	uv	1	1231030	1232355	0.2789919736290314	999
bv	uv	1	1232355	1233610	0.3215035324472279	1000
bv	uv	1	1233610	1234877	0.2745068081540435	1002
bv	uv	1	1234877	1236212	0.3047922840619481	1002
bv	uv	1	1236212	1237513	0.2994255590413568	999
bv	uv	1	1237513	1238815	0.2958871469959115	1000
bv	uv	1	1238815	1240042	0.2739067192192192	1001
bv	uv	1	1240042	1241276	0.299220579497396	997
bv	uv	1	1241276	1242579	0.2776077345382112	1000
bv	uv	1	1242579	1243876	0.3408018327605956	1000
bv	uv	1	1243876	1245213	0.301030952466282	1004
bv	uv	1	1245213	1246458	0.2971724344441117	997
bv	uv	1	1246458	1247663	0.3107987551629319	994
bv	uv	1	1247663	1248927	0.3167346499199009	1000
bv	uv	1	1248927	1250208	0.3014736531210625	1004
bv	uv	1	1250208	1251438	0.2964999563585581	994
bv	uv	1	1251438	1252695	0.3016697945238438	999
bv	uv	1	1252695	1253956	0.305971949412454	1001
bv	uv	1	1253956	1255261	0.2942393037183851	1001
bv	uv	1	1255261	1256518	0.305698933269806	1001
bv	uv	1	1256518	1257675	0.2789314486810342	1003
bv	uv	1	1257675	1259014	0.2792634809294169	1000
bv	uv	1	1259014	1260211	0.3001956189646711	999
bv	uv	1	1260211	1261384	0.2718591465234258	996
bv	uv	1	1261384	1262580	0.3120917058032292	1002
bv	uv	1	1262580	1263798	0.3198027700253993	996
bv	uv	1	1263798	1265120	0.2814136092913192	998
bv	uv	1	1265120	1266384	0.2720841811633661	1000
bv	uv	1	1266384	1267706	0.3159957726318043	999
bv	uv	1	1267706	1268906	0.3345675203126607	996
bv	uv	1	1268906	1270109	0.2982859692046032	997
bv	uv	1	1270109	1271374	0.2918532134791822	999
bv	uv	1	1271374	1272567	0.3094384707287933	1000
bv	uv	1	1272567	1273825	0.2878457112996254	1002
bv	uv	1	1273825	1275058	0.2831508949359902	997
bv	uv	1	1275058	1276315	0.3074246367982869	997
bv	uv	1	1276315	1277671	0.263283194459474	1000
bv	uv	1	1277671	1279032	0.2829243939327195	1002
bv	uv	1	1279032	1280363	0.3289738477340435	1001
bv	uv	1	1280363	1281669	0.3216159363938953	997
bv	uv	1	1281669	1282884	0.2832935798052077	1000
bv	uv	1	1282884	1284171	0.3200880043778827	1001
bv	uv	1	1284171	1285468	0.3095380649753175	1000
bv	uv	1	1285468	1286749	0.3167240134233889	993
bv	uv	1	1286749	1288047	0.2846415303138092	1000
bv	uv	1	1288047	1289272	0.3117699660379281	1001
bv	uv	1	1289272	1290496	0.2865740939770431	998
bv	uv	1	1290496	1291794	0.2939355077235913	997
bv	uv	1	1291794	1293054	0.2880984581461783	1002
bv	uv	1	1293054	1294389	0.2885183811138026	1002
bv	uv	1	1294389	1295672	0.2996516516516516	1003
bv	uv	1	1295672	1296912	0.303268062698071	1000
bv	uv	1	1296912	1298231	0.2730969817192914	1001
bv	uv	1	1298231	1299508	0.2870443697694826	996
bv	uv	1	1299508	1300727	0.3208431443066949	999
bv	uv	1	1300727	1301974	0.310097984233156	995
bv	uv	1	1301974	1303192	0.2837281955438288	998
bv	uv	1	1303192	1304476	0.288964020368979	995
bv	uv	1	1304476	1305707	0.3346454615732234	1000
bv	uv	1	1305707	1306924	0.2832494644517198	1001
bv	uv	1	1306924	1308175	0.2838468294218282	998
bv	uv	1	1308175	1309531	0.2940676975625347	1002
bv	uv	1	1309531	1310802	0.3139599504391239	999
bv	uv	1	1310802	1312156	0.294840408557989	998
bv	uv	1	1312156	1313424	0.2717614245439094	995
bv	uv	1	1313424	1314724	0.2778978422695619	997
bv	uv	1	1314724	1316019	0.2722870433920537	1000
bv	uv	1	1316019	1317241	0.2789920390152813	1001
bv	uv	1	1317241	1318507	0.2734439691709172	1000
bv	uv	1	1318507	1319812	0.3074784424968599	1000
bv	uv	1	1319812	1321086	0.2751815874682768	1000
bv	uv	1	1321086	1322423	0.2752243772781432	996
bv	uv	1	1322423	1323726	0.2843792424329337	1001
bv	uv	1	1323726	1325016	0.3049276724777533	1001
bv	uv	1	1325016	1326237	0.2792732814037268	1001
bv	uv	1	1326237	1327557	0.300931214733271	1002
bv	uv	1	1327557	1328804	0.2896416608734121	998
bv	uv	1	1328804	1330124	0.2814931451593307	1002
bv	uv	1	1330124	1331426	0.2988512070119463	998
bv	uv	1	1331426	1332698	0.331671244260884	997
bv	uv	1	1332698	1334033	0.2916196918451709	996
bv	uv	1	1334033	1335229	0.3086317882200797	999
bv	uv	1	1335229	1336521	0.2993617111214439	1002
bv	uv	1	1336521	1337894	0.3239452128245269	995
bv	uv	1	1337894	1339224	0.2869903283126424	1002
bv	uv	1	1339224	1340522	0.2937569189535628	1002
bv	uv	1	1340522	1341791	0.315548464002202	994
bv	uv	1	1341791	1343141	0.320942280093808	999
bv	uv	1	1343141	1344438	0.2765713466637998	1001
bv	uv	1	1344438	1345712	0.3031610737774724	999
bv	uv	1	1345712	1346952	0.2977934166926108	999
bv	uv	1	1346952	1348232	0.2814727417506652	997
bv	uv	1	1348232	1349593	0.2895495968782021	1000
bv	uv	1	1349593	1350871	0.2861815403714845	999
bv	uv	1	1350871	1352131	0.2950470342487838	999
bv	uv	1	1352131	1353403	0.3173171592780441	999
bv	uv	1	1353403	1354617	0.3139365858090306	997
bv	uv	1	1354617	1355859	0.3015818790863627	1000
bv	uv	1	1355859	1357115	0.3161703516733102	998
bv	uv	1	1357115	1358396	0.3177435674066815	1000
bv	uv	1	1358396	1359815	0.327835976832569	999
bv	uv	1	1359815	1361121	0.3406195391674722	998
bv	uv	1	1361121	1362360	0.3038040429642864	994
bv	uv	1	1362360	1363618	0.3274765561255854	998
bv	uv	1	1363618	1364888	0.3211295410462957	998
bv	uv	1	1364888	1366227	0.3131443239474984	995
bv	uv	1	1366227	1367456	0.2751821688812687	998
bv	uv	1	1367456	1368772	0.3062309493357773	999
bv	uv	1	1368772	1370082	0.2867884151014329	1000
bv	uv	1	1370082	1371379	0.3135953788821026	1000
bv	uv	1	1371379	1372682	0.328782626813653	996
bv	uv	1	1372682	1374036	0.3270109559006197	997
bv	uv	1	1374036	1375429	0.3435867462291636	1003
bv	uv	1	1375429	1376691	0.3323697956285816	1001
bv	uv	1	1376691	1377975	0.3031788442667718	1000
bv	uv	1	1377975	1379360	0.3245382466071558	997
bv	uv	1	1379360	1380738	0.2823818834933377	1000
bv	uv	1	1380738	1382116	0.3363379049251759	999
bv	uv	1	1382116	1383460	0.3001965374721813	1000
bv	uv	1	1383460	1384676	0.3035291052916809	1002
bv	uv	1	1384676	1385980	0.2918597717503666	1001
bv	uv	1	1385980	1387290	0.2719369736484651	996
bv	uv	1	1387290	1388588	0.2940887229367384	998
bv	uv	1	1388588	1389943	0.282474186749036	997
bv	uv	1	1389943	1391183	0.2747741851027621	1000
bv	uv	1	1391183	1392562	0.2757810065992578	1002
bv	uv	1	1392562	1393844	0.3004716370864354	1000
bv	uv	1	1393844	1395207	0.3004045495943914	1003
bv	uv	1	1395207	1396524	0.3046033782023874	1003
bv	uv	1	1396524	1397903	0.3247801212535223	1000
bv	uv	1	1397903	1399233	0.3208246065731958	999
bv	uv	1	1399233	1400648	0.2889672606674026	996
bv	uv	1	1400648	1401911	0.2935082398785976	998
bv	uv	1	1401911	1403196	0.3066390032054126	1001
bv	uv	1	1403196	1404630	0.3186943848729261	1000
bv	uv	1	1404630	1406046	0.3120954435842112	999
bv	uv	1	1406046	1407397	0.2895217769928002	995
bv	uv	1	1407397	1408805	0.2702819935471923	996
bv	uv	1	1408805	1410069	0.3065569295077492	1000
bv	uv	1	1410069	1411371	0.3395145327638295	998
bv	uv	1	1411371	1412751	0.3369633383228735	1001
bv	uv	1	1412751	1414123	0.2896162373431464	996
bv	uv	1	1414123	1415478	0.3008801128633038	998
bv	uv	1	1415478	1416854	0.2960975106501297	1000
bv	uv	1	1416854	1418110	0.3443800094631448	1000
bv	uv	1	1418110	1419489	0.3310928013876843	1000
bv	uv	1	1419489	1420875	0.3017022142764302	1000
bv	uv	1	1420875	1422253	0.2968495770796607	1000
bv	uv	1	1422253	1423612	0.3362737607371906	998
bv	uv	1	1423612	1424974	0.3415704873762561	1000
bv	uv	1	1424974	1426477	0.3200025499904375	997
bv	uv	1	1426477	1427846	0.2979863246339784	1000
bv	uv	1	1427846	1429194	0.3181440843994744	1000
bv	uv	1	1429194	1430620	0.3242239506691893	999
bv	uv	1	1430620	1431986	0.2905836169593285	996
bv	uv	1	1431986	1433359	0.3403213977901408	998
bv	uv	1	1433359	1434775	0.3077116375976794	997
bv	uv	1	1434775	1436177	0.2706568459955244	1000
bv	uv	1	1436177	1437525	0.3120964037718515	1004
bv	uv	1	1437525	1438830	0.3289588801399825	1000
bv	uv	1	1438830	1440200	0.3118263547409725	1002
bv	uv	1	1440200	1441625	0.2838721227868986	1000
bv	uv	1	1441625	1443000	0.3100448275289861	1000
bv	uv	1	1443000	1444426	0.3286977910221844	1000
bv	uv	1	1444426	1445805	0.3088969893344134	999
bv	uv	1	1445805	1447289	0.3189503780786926	992
bv	uv	1	1447289	1448568	0.3320261437908497	998
bv	uv	1	1448568	1450031	0.3113889072616502	1002
bv	uv	1	1450031	1451485	0.3159809805456496	1004
bv	uv	1	1451485	1452869	0.3031342875728799	999
bv	uv	1	1452869	1454212	0.2769088488470177	997
bv	uv	1	1454212	1455637	0.2780797032213024	999
bv	uv	1	1455637	1456977	0.2896531136187235	999
bv	uv	1	1456977	1458375	0.2719572426091225	999
bv	uv	1	1458375	1459783	0.2952740903187675	999
bv	uv	1	1459783	1461220	0.3063079715811874	998
bv	uv	1	1461220	1462586	0.3030993795433206	1000
bv	uv	1	1462586	1463909	0.308819124573407	1002
bv	uv	1	1463909	1465268	0.3074689667697373	999
bv	uv	1	1465268	1466699	0.3003252745510443	1002
bv	uv	1	1466699	1468100	0.307491949001383	996
bv	uv	1	1468100	1469434	0.3220517180693262	1001
bv	uv	1	1469434	1470876	0.3372364047609196	1001
bv	uv	1	1470876	1472308	0.3397794194943781	1002
bv	uv	1	1472308	1473710	0.2716029614718911	1001
bv	uv	1	1473710	1475075	0.3265149494353891	998
bv	uv	1	1475075	1476571	0.3160889537281376	998
bv	uv	1	1476571	1478019	0.3194403138321224	1001
bv	uv	1	1478019	1479433	0.3067347737051609	1003
bv	uv	1	1479433	1480804	0.3179354317108575	997
bv	uv	1	1480804	1482253	0.3065397496915212	1000
bv	uv	1	1482253	1483717	0.2822960748347463	999
bv	uv	1	1483717	1485039	0.3283152352747614	998
bv	uv	1	1485039	1486371	0.3017765476781869	994
bv	uv	1	1486371	1487812	0.3352236925015753	999
bv	uv	1	1487812	1489224	0.2992963582395395	1001
bv	uv	1	1489224	1490276	0.2786278381046396	1000
bv	uv	1	1490276	1490913	0.3365864711547021	1002
bv	uv	1	1490913	1491511	0.320284869919093	1001
bv	uv	1	1491511	1492109	0.29340778937384	1003
bv	uv	1	1492109	1492640	0.2900803624065283	1001
bv	uv	1	1492640	1493246	0.3095911091561246	1001
bv	uv	1	1493246	1493881	0.2940715151615566	1001
bv	uv	1	1493881	1494491	0.2970640696659456	998
bv	uv	1	1494491	1495057	0.3514567737210114	1001
bv	uv	1	1495057	1495653	0.3090506810481919	999
bv	uv	1	1495653	1496282	0.3045009168325964	1004
bv	uv	1	1496282	1496861	0.3107198223003771	1001
bv	uv	1	1496861	1497425	0.3037905941131747	1001
bv	uv	1	1497425	1498028	0.3195543226366199	1004
bv	uv	1	1498028	1498631	0.2825885824310469	1001
bv	uv	1	1498631	1499233	0.2892436020008036	1001
bv	uv	1	1499233	1499815	0.294548232789252	1002
bv	uv	1	1499815	1500000	0.3072791614837956	290
