pop1	pop2	chromosome	window_pos_1	window_pos_2	avg_wc_fst	no_snps
bv	uv	1	1	1528	0.0332133023523639	1162
bv	uv	1	1528	3063	0.0342456140350877	1084
bv	uv	1	3063	4559	0.0305564000695696	1097
bv	uv	1	4559	6083	0.0269238513161245	1112
bv	uv	1	6083	7621	0.029378037459728	1149
bv	uv	1	7621	9151	0.0315429894339481	1123
bv	uv	1	9151	10700	0.030608075486459	1143
bv	uv	1	10700	12251	0.0366365627856031	1108
bv	uv	1	12251	13826	0.0343012326934894	1086
bv	uv	1	13826	15343	0.0376782367451107	1122
bv	uv	1	15343	16897	0.0326436329927654	1112
bv	uv	1	16897	18436	0.0327331399172501	1100
bv	uv	1	18436	19958	0.0308380009738898	1153
bv	uv	1	19958	21438	0.0312318903426987	1125
bv	uv	1	21438	22980	0.0332563752568231	1106
bv	uv	1	22980	24507	0.0337715332816299	1106
bv	uv	1	24507	26076	0.0304054378336425	1135
bv	uv	1	26076	27650	0.0269371675198233	1123
bv	uv	1	27650	29199	0.0336245796121653	1118
bv	uv	1	29199	30753	0.0397092852784315	1099
bv	uv	1	30753	32266	0.0326312699176736	1048
bv	uv	1	32266	33822	0.0312346091916553	1064
bv	uv	1	33822	35380	0.0288380873989608	1119
bv	uv	1	35380	36939	0.0272757219828428	1167
bv	uv	1	36939	38458	0.0281642853187129	1097
bv	uv	1	38458	40003	0.0296023020205078	1137
bv	uv	1	40003	41517	0.0289356436324426	1131
bv	uv	1	41517	43055	0.0282212911325474	1097
bv	uv	1	43055	44571	0.0277906061506581	1117
bv	uv	1	44571	46118	0.0357043179199078	1105
bv	uv	1	46118	47655	0.0310551939096375	1109
bv	uv	1	47655	49231	0.0253394394710766	1068
bv	uv	1	49231	50770	0.0277715297601033	1106
bv	uv	1	50770	52272	0.0316485938292311	1162
bv	uv	1	52272	53769	0.0258205928922689	1128
bv	uv	1	53769	55309	0.03812745999377	1167
bv	uv	1	55309	56894	0.033156399789515	1047
bv	uv	1	56894	58409	0.033776988937991	1140
bv	uv	1	58409	59962	0.0280561849979664	1097
bv	uv	1	59962	61460	0.0325016487513682	1095
bv	uv	1	61460	62945	0.0299517045901278	1146
bv	uv	1	62945	64513	0.0308487381893962	1114
bv	uv	1	64513	66039	0.0293988441435113	1107
bv	uv	1	66039	67556	0.0321002805504082	1131
bv	uv	1	67556	69074	0.0345473491404176	1134
bv	uv	1	69074	70602	0.0301487752787596	1074
bv	uv	1	70602	72095	0.030813387469594	1099
bv	uv	1	72095	73665	0.025168935005569	1089
bv	uv	1	73665	75234	0.0282724258320321	1082
bv	uv	1	75234	76752	0.0258332549045282	1094
bv	uv	1	76752	78247	0.0235931286998635	1114
bv	uv	1	78247	79802	0.0326981705282322	1115
bv	uv	1	79802	81385	0.0317114794304617	1117
bv	uv	1	81385	82896	0.0307476105089361	1084
bv	uv	1	82896	84441	0.0294654593492251	1102
bv	uv	1	84441	86005	0.0316188041574623	1118
bv	uv	1	86005	87541	0.0311323441906881	1104
bv	uv	1	87541	89056	0.0290736155153801	1075
bv	uv	1	89056	90591	0.033722673885799	1087
bv	uv	1	90591	92127	0.0322464702149599	1154
bv	uv	1	92127	93652	0.0281550897452972	1104
bv	uv	1	93652	95128	0.0286925151209019	1126
bv	uv	1	95128	96659	0.0288637781100462	1086
bv	uv	1	96659	98215	0.0275575746488607	1114
bv	uv	1	98215	99750	0.0280942985598277	1122
bv	uv	1	99750	101322	0.0263917220305092	1150
bv	uv	1	101322	102885	0.0348890989672277	1104
bv	uv	1	102885	104479	0.0310841289958065	1146
bv	uv	1	104479	105974	0.0327901398135271	1121
bv	uv	1	105974	107543	0.0276105813055154	1120
bv	uv	1	107543	109044	0.0343505550040015	1131
bv	uv	1	109044	110540	0.0323372141474767	1097
bv	uv	1	110540	112029	0.0317767480406593	1076
bv	uv	1	112029	113574	0.0257753885102294	1070
bv	uv	1	113574	115116	0.0315883608999842	1138
bv	uv	1	115116	116685	0.03363329707398	1084
bv	uv	1	116685	118179	0.0334961825470758	1095
bv	uv	1	118179	119728	0.03617910443394	1083
bv	uv	1	119728	121329	0.0262396366255998	1120
bv	uv	1	121329	122845	0.0286780514072468	1106
bv	uv	1	122845	124376	0.0366674210222502	1106
bv	uv	1	124376	125927	0.0258000139435981	1152
bv	uv	1	125927	127466	0.0321088543922435	1123
bv	uv	1	127466	128996	0.0298125956549626	1132
bv	uv	1	128996	130549	0.0272906654384514	1143
bv	uv	1	130549	132073	0.0344327132756016	1171
bv	uv	1	132073	133585	0.0286107818999011	1097
bv	uv	1	133585	135074	0.0342700530271874	1121
bv	uv	1	135074	136600	0.0362118422254009	1133
bv	uv	1	136600	138093	0.0350672400273881	1115
bv	uv	1	138093	139637	0.0299635147758318	1100
bv	uv	1	139637	141151	0.029984948150286	1091
bv	uv	1	141151	142699	0.0335859919825166	1078
bv	uv	1	142699	144272	0.0317498563268043	1128
bv	uv	1	144272	145810	0.0362282676744395	1152
bv	uv	1	145810	147326	0.0344116542293094	1125
bv	uv	1	147326	148857	0.0277693481540569	1116
bv	uv	1	148857	150392	0.0345285691535282	1087
bv	uv	1	150392	151909	0.0321894519413478	1166
bv	uv	1	151909	153450	0.0342460087683017	1082
bv	uv	1	153450	155000	0.0364996384862605	1181
bv	uv	1	155000	156586	0.0367489255894738	1125
bv	uv	1	156586	158149	0.0337505411318723	1120
bv	uv	1	158149	159699	0.0346856101721197	1152
bv	uv	1	159699	161219	0.0349960590788727	1110
bv	uv	1	161219	162733	0.0305884151033739	1119
bv	uv	1	162733	164221	0.0331685357580415	1118
bv	uv	1	164221	165779	0.028739065924538	1133
bv	uv	1	165779	167373	0.0372768182633958	1093
bv	uv	1	167373	168890	0.0347373212155927	1116
bv	uv	1	168890	170414	0.0298081768554507	1088
bv	uv	1	170414	171948	0.0332080974820469	1125
bv	uv	1	171948	173433	0.0300574594834294	1070
bv	uv	1	173433	174950	0.0327144453980059	1135
bv	uv	1	174950	176512	0.0350389209366824	1128
bv	uv	1	176512	178121	0.0327123050259965	1160
bv	uv	1	178121	179668	0.033115843234002	1084
bv	uv	1	179668	181282	0.0339598599895108	1075
bv	uv	1	181282	182776	0.0308847848415509	1112
bv	uv	1	182776	184273	0.0340580133578352	1111
bv	uv	1	184273	185861	0.0349249318627746	1125
bv	uv	1	185861	187390	0.0319097728832303	1137
bv	uv	1	187390	188891	0.0315177727820675	1142
bv	uv	1	188891	190429	0.0296039046852092	1167
bv	uv	1	190429	191966	0.032197345860913	1116
bv	uv	1	191966	193492	0.0302303391926033	1128
bv	uv	1	193492	195002	0.0340860869542154	1105
bv	uv	1	195002	196499	0.0325022984599659	1128
bv	uv	1	196499	198049	0.026832469704447	1114
bv	uv	1	198049	199596	0.0351654043735353	1129
bv	uv	1	199596	201136	0.032425728795699	1198
bv	uv	1	201136	202699	0.0312014591833447	1130
bv	uv	1	202699	204243	0.0343851265545629	1092
bv	uv	1	204243	205792	0.0331838932511175	1126
bv	uv	1	205792	207365	0.0373706298377488	1137
bv	uv	1	207365	208880	0.0378852059726781	1126
bv	uv	1	208880	210453	0.0319669926584276	1113
bv	uv	1	210453	211967	0.0346681578480659	1146
bv	uv	1	211967	213504	0.0349323543853577	1089
bv	uv	1	213504	215028	0.0355830973649869	1076
bv	uv	1	215028	216533	0.0381171230929593	1114
bv	uv	1	216533	218036	0.0361629432522023	1030
bv	uv	1	218036	219587	0.0406442970096993	1104
bv	uv	1	219587	221158	0.0315887501858754	1150
bv	uv	1	221158	222687	0.0390826213851272	1094
bv	uv	1	222687	224183	0.0370500316497867	1062
bv	uv	1	224183	225763	0.0356784710382597	1127
bv	uv	1	225763	227290	0.0319779130786796	1094
bv	uv	1	227290	228885	0.0355531754516856	1144
bv	uv	1	228885	230419	0.0356662218190269	1152
bv	uv	1	230419	231896	0.0295324665893711	1144
bv	uv	1	231896	233449	0.0331061757739665	1097
bv	uv	1	233449	235009	0.0317050799954932	1070
bv	uv	1	235009	236585	0.0317363338017925	1117
bv	uv	1	236585	238129	0.0353676255764936	1135
bv	uv	1	238129	239669	0.0312874383625831	1134
bv	uv	1	239669	241187	0.0334560118828371	1116
bv	uv	1	241187	242755	0.0332673518562834	1120
bv	uv	1	242755	244270	0.0290599839621571	1118
bv	uv	1	244270	245765	0.0322997558315411	1133
bv	uv	1	245765	247301	0.0346650797578001	1137
bv	uv	1	247301	248802	0.0336017331671966	1130
bv	uv	1	248802	250338	0.0315568589404362	1101
bv	uv	1	250338	251924	0.0335071761873794	1056
bv	uv	1	251924	253419	0.0303353000481334	1120
bv	uv	1	253419	254953	0.0364111088723218	1141
bv	uv	1	254953	256492	0.0316387333481286	1109
bv	uv	1	256492	258070	0.0313098647016026	1112
bv	uv	1	258070	259560	0.0337871948684444	1146
bv	uv	1	259560	261022	0.0354812264305623	1115
bv	uv	1	261022	262534	0.0254495504838094	1124
bv	uv	1	262534	264064	0.0301390853371051	1140
bv	uv	1	264064	265538	0.033729867427023	1104
bv	uv	1	265538	267067	0.0278993823397445	1107
bv	uv	1	267067	268593	0.0310353781583856	1100
bv	uv	1	268593	270122	0.0325848042638066	1105
bv	uv	1	270122	271658	0.0305349140798574	1111
bv	uv	1	271658	273157	0.0291929202583519	1096
bv	uv	1	273157	274664	0.0357741943755069	1109
bv	uv	1	274664	276244	0.0341442250877854	1141
bv	uv	1	276244	277835	0.0340268616562439	1154
bv	uv	1	277835	279352	0.0287813654444323	1083
bv	uv	1	279352	280874	0.0343107127973496	1067
bv	uv	1	280874	282447	0.0340939265396079	1158
bv	uv	1	282447	284000	0.0331121257757734	1083
bv	uv	1	284000	285563	0.0429194824203543	1127
bv	uv	1	285563	287075	0.0353374549927948	1140
bv	uv	1	287075	288531	0.0306102300276975	1125
bv	uv	1	288531	290036	0.0311318352315523	1142
bv	uv	1	290036	291602	0.0284851767909475	1106
bv	uv	1	291602	293125	0.0318865179437439	1064
bv	uv	1	293125	294647	0.0293932520296537	1130
bv	uv	1	294647	296151	0.0307208460479865	1156
bv	uv	1	296151	297696	0.0339328806546344	1087
bv	uv	1	297696	299240	0.0330531148432382	1109
bv	uv	1	299240	300792	0.0365866993863636	1121
bv	uv	1	300792	302262	0.0339463835801222	1092
bv	uv	1	302262	303779	0.0281515666907382	1119
bv	uv	1	303779	305306	0.0316700696761047	1092
bv	uv	1	305306	306817	0.030268592155847	1129
bv	uv	1	306817	308365	0.0277887229914838	1105
bv	uv	1	308365	309879	0.034441968900016	1128
bv	uv	1	309879	311395	0.031144315956417	1100
bv	uv	1	311395	312891	0.0349244377063485	1097
bv	uv	1	312891	314426	0.0269695741605939	1157
bv	uv	1	314426	315933	0.0355511297146457	1067
bv	uv	1	315933	317489	0.0308061473590767	1111
bv	uv	1	317489	318989	0.0335186300590607	1064
bv	uv	1	318989	320531	0.0262608552128697	1091
bv	uv	1	320531	322063	0.0335357873538351	1080
bv	uv	1	322063	323553	0.0337706763576679	1119
bv	uv	1	323553	325070	0.0304676275695548	1097
bv	uv	1	325070	326592	0.0325554959442134	1168
bv	uv	1	326592	328124	0.0378952625119826	1120
bv	uv	1	328124	329612	0.0332574745446496	1134
bv	uv	1	329612	331130	0.0302051722839187	1134
bv	uv	1	331130	332632	0.0332010697393635	1147
bv	uv	1	332632	334236	0.0347013677163982	1161
bv	uv	1	334236	335786	0.0373020430859466	1111
bv	uv	1	335786	337298	0.0353478789889939	1090
bv	uv	1	337298	338830	0.0288906870871819	1073
bv	uv	1	338830	340408	0.035630838102032	1134
bv	uv	1	340408	341949	0.0356403604262183	1109
bv	uv	1	341949	343489	0.0321337612460903	1136
bv	uv	1	343489	345000	0.0302406428824581	1118
bv	uv	1	345000	346563	0.0277821324805083	1083
bv	uv	1	346563	348102	0.0295730218306137	1121
bv	uv	1	348102	349673	0.0309044822094174	1102
bv	uv	1	349673	351217	0.0345051364188666	1136
bv	uv	1	351217	352733	0.0316998341625207	1138
bv	uv	1	352733	354253	0.0314158391197362	1133
bv	uv	1	354253	355805	0.0314054280615957	1105
bv	uv	1	355805	357320	0.0368074484986636	1113
bv	uv	1	357320	358844	0.0347142785926875	1135
bv	uv	1	358844	360362	0.0371785725384645	1083
bv	uv	1	360362	361881	0.0263004381337735	1120
bv	uv	1	361881	363385	0.0330162826849489	1098
bv	uv	1	363385	364936	0.0294611037433621	1082
bv	uv	1	364936	366513	0.0301833972283696	1146
bv	uv	1	366513	368026	0.0322188480012703	1109
bv	uv	1	368026	369520	0.0292830038839529	1125
bv	uv	1	369520	371037	0.030620151323441	1138
bv	uv	1	371037	372522	0.029508911575725	1112
bv	uv	1	372522	374041	0.0326377381273523	1169
bv	uv	1	374041	375537	0.039329702647068	1082
bv	uv	1	375537	377062	0.0359516869333568	1115
bv	uv	1	377062	378562	0.0383557045133098	1098
bv	uv	1	378562	380118	0.0318469113384781	1160
bv	uv	1	380118	381644	0.0303069519728391	1103
bv	uv	1	381644	383134	0.0325940970906834	1103
bv	uv	1	383134	384647	0.0276490858006609	1086
bv	uv	1	384647	386220	0.0299156820608894	1151
bv	uv	1	386220	387732	0.0319663540042318	1112
bv	uv	1	387732	389283	0.0323929177478887	1084
bv	uv	1	389283	390835	0.0347187155824688	1129
bv	uv	1	390835	392368	0.0375787550569383	1133
bv	uv	1	392368	393896	0.0320631084440544	1108
bv	uv	1	393896	395445	0.0332074834445074	1129
bv	uv	1	395445	396935	0.034049634374423	1146
bv	uv	1	396935	398521	0.0366581910961333	1120
bv	uv	1	398521	400086	0.0340227915994761	1048
bv	uv	1	400086	401581	0.0367932077171142	1126
bv	uv	1	401581	403118	0.0315818664985008	1109
bv	uv	1	403118	404656	0.0326134878646011	1114
bv	uv	1	404656	406180	0.0264088223970989	1116
bv	uv	1	406180	407732	0.0304979260097235	1110
bv	uv	1	407732	409251	0.0323436054486872	1179
bv	uv	1	409251	410835	0.0288675524198694	1121
bv	uv	1	410835	412341	0.0353495204989374	1128
bv	uv	1	412341	413839	0.0242473504950045	1092
bv	uv	1	413839	415356	0.0278916889121968	1145
bv	uv	1	415356	416879	0.0322259178219297	1131
bv	uv	1	416879	418449	0.0275047620194978	1097
bv	uv	1	418449	420050	0.0308015381759145	1094
bv	uv	1	420050	421565	0.0298769802574864	1090
bv	uv	1	421565	423073	0.0328728599483536	1117
bv	uv	1	423073	424593	0.032015735410575	1161
bv	uv	1	424593	426070	0.0436160811146919	1067
bv	uv	1	426070	427633	0.0299040697479611	1122
bv	uv	1	427633	429163	0.0283790738181608	1068
bv	uv	1	429163	430698	0.0299054408683179	1122
bv	uv	1	430698	432271	0.0301649305555555	1102
bv	uv	1	432271	433803	0.0282990001752229	1120
bv	uv	1	433803	435331	0.0290853357165586	1106
bv	uv	1	435331	436809	0.0286075637167816	1144
bv	uv	1	436809	438315	0.0280777274922494	1128
bv	uv	1	438315	439837	0.0339681211626625	1079
bv	uv	1	439837	441398	0.031568361192926	1139
bv	uv	1	441398	442917	0.0277041494579723	1087
bv	uv	1	442917	444432	0.0322983063018543	1126
bv	uv	1	444432	445924	0.0370920345741038	1104
bv	uv	1	445924	447487	0.0327660505672827	1069
bv	uv	1	447487	448996	0.033057973157165	1153
bv	uv	1	448996	450516	0.0309106058696446	1139
bv	uv	1	450516	452027	0.0295373728604877	1110
bv	uv	1	452027	453554	0.025762449600569	1113
bv	uv	1	453554	455097	0.0311088160742475	1101
bv	uv	1	455097	456592	0.0325095002677229	1125
bv	uv	1	456592	458107	0.0328251058602012	1101
bv	uv	1	458107	459619	0.0315369739799117	1089
bv	uv	1	459619	461122	0.0282181618807924	1116
bv	uv	1	461122	462633	0.0289769647420352	1086
bv	uv	1	462633	464169	0.0309880319531638	1123
bv	uv	1	464169	465712	0.0319346319919257	1138
bv	uv	1	465712	467265	0.0305421752640385	1124
bv	uv	1	467265	468824	0.0310517320467332	1123
bv	uv	1	468824	470365	0.0299128612970744	1128
bv	uv	1	470365	471861	0.0324859345118644	1081
bv	uv	1	471861	473429	0.0297220124752705	1129
bv	uv	1	473429	474981	0.0352171250562137	1095
bv	uv	1	474981	476493	0.0298474816982107	1154
bv	uv	1	476493	477997	0.0282506442806101	1080
bv	uv	1	477997	479580	0.0319122315669929	1106
bv	uv	1	479580	481133	0.0320310215608119	1146
bv	uv	1	481133	482697	0.0308096966509553	1106
bv	uv	1	482697	484214	0.0342382583880282	1099
bv	uv	1	484214	485745	0.0314079992777175	1141
bv	uv	1	485745	487268	0.0336537123615517	1115
bv	uv	1	487268	488829	0.0355780481556023	1072
bv	uv	1	488829	490365	0.0365027213996618	1117
bv	uv	1	490365	491901	0.0324311060131368	1076
bv	uv	1	491901	493442	0.0264886399113817	1125
bv	uv	1	493442	494977	0.0267243727101286	1146
bv	uv	1	494977	496536	0.029151574254667	1108
bv	uv	1	496536	498072	0.0345383949250855	1118
bv	uv	1	498072	499587	0.0284600120362388	1070
bv	uv	1	499587	501112	0.0296829252814014	1148
bv	uv	1	501112	502630	0.0352461279320081	1077
bv	uv	1	502630	504141	0.0355152168378391	1134
bv	uv	1	504141	505631	0.0311615955023372	1071
bv	uv	1	505631	507174	0.0344790827054201	1132
bv	uv	1	507174	508762	0.0337601019374363	1103
bv	uv	1	508762	510239	0.0299414052893049	1130
bv	uv	1	510239	511833	0.0303653577534367	1098
bv	uv	1	511833	513334	0.0403710452078988	1116
bv	uv	1	513334	514808	0.0370223874295869	1152
bv	uv	1	514808	516344	0.0327200937582109	1070
bv	uv	1	516344	517902	0.03401493391485	1133
bv	uv	1	517902	519411	0.0297144032641787	1165
bv	uv	1	519411	520965	0.0346789791262117	1161
bv	uv	1	520965	522450	0.0324357973409335	1131
bv	uv	1	522450	524007	0.0299564082039529	1107
bv	uv	1	524007	525554	0.0352028128835922	1101
bv	uv	1	525554	527058	0.0285073773384208	1134
bv	uv	1	527058	528597	0.0296038204354837	1122
bv	uv	1	528597	530151	0.0347972641522656	1096
bv	uv	1	530151	531748	0.0320909362267161	1123
bv	uv	1	531748	533276	0.0332936624387274	1110
bv	uv	1	533276	534857	0.0366971867571772	1127
bv	uv	1	534857	536434	0.0306067767230486	1141
bv	uv	1	536434	537982	0.0322414175563707	1076
bv	uv	1	537982	539545	0.030032484001477	1124
bv	uv	1	539545	541084	0.0300449733392806	1107
bv	uv	1	541084	542593	0.0318696999347684	1136
bv	uv	1	542593	544137	0.0310519199236435	1132
bv	uv	1	544137	545645	0.0269719302374778	1131
bv	uv	1	545645	547145	0.0330706728204465	1069
bv	uv	1	547145	548642	0.0358782926313391	1143
bv	uv	1	548642	550140	0.0274889639258941	1138
bv	uv	1	550140	551716	0.0326374830005563	1156
bv	uv	1	551716	553244	0.0267741529662291	1118
bv	uv	1	553244	554784	0.0321253263025281	1110
bv	uv	1	554784	556332	0.0339952981935164	1126
bv	uv	1	556332	557888	0.0289353388560983	1094
bv	uv	1	557888	559406	0.0321568324383873	1166
bv	uv	1	559406	560951	0.0362447447639969	1140
bv	uv	1	560951	562539	0.0303319741647466	1131
bv	uv	1	562539	564105	0.0292054609862378	1157
bv	uv	1	564105	565606	0.0322709218765381	1076
bv	uv	1	565606	567127	0.032252873837791	1118
bv	uv	1	567127	568632	0.0315815478742678	1107
bv	uv	1	568632	570152	0.0341570920077273	1118
bv	uv	1	570152	571674	0.0318919705562023	1131
bv	uv	1	571674	573173	0.032694220080745	1138
bv	uv	1	573173	574691	0.0336827611290804	1105
bv	uv	1	574691	576210	0.0348281217516784	1083
bv	uv	1	576210	577737	0.0364203046140445	1148
bv	uv	1	577737	579261	0.0291434887454371	1085
bv	uv	1	579261	580821	0.0349897562624086	1070
bv	uv	1	580821	582337	0.0329328025964757	1113
bv	uv	1	582337	583815	0.0367237829242436	1092
bv	uv	1	583815	585364	0.0320804820402891	1086
bv	uv	1	585364	586898	0.0294192188667164	1073
bv	uv	1	586898	588437	0.0358864657478923	1149
bv	uv	1	588437	589985	0.0346138752794558	1072
bv	uv	1	589985	591556	0.0346500604993811	1133
bv	uv	1	591556	593068	0.0319902273291214	1112
bv	uv	1	593068	594541	0.0259094948167494	1114
bv	uv	1	594541	596143	0.0293532078523362	1154
bv	uv	1	596143	597699	0.032098931752623	1105
bv	uv	1	597699	599247	0.0280854145579135	1075
bv	uv	1	599247	600775	0.0303973075452789	1113
bv	uv	1	600775	602323	0.0295977638977012	1100
bv	uv	1	602323	603825	0.0258469243357842	1138
bv	uv	1	603825	605390	0.0284197106817195	1126
bv	uv	1	605390	606858	0.0299861665818542	1174
bv	uv	1	606858	608399	0.0325367644796861	1152
bv	uv	1	608399	609927	0.0346612045917162	1140
bv	uv	1	609927	611435	0.0301437139782884	1076
bv	uv	1	611435	612944	0.0274281268764504	1117
bv	uv	1	612944	614495	0.027304300712904	1127
bv	uv	1	614495	616049	0.0264480248952454	1139
bv	uv	1	616049	617552	0.0281493337834531	1125
bv	uv	1	617552	619059	0.0284699486880833	1149
bv	uv	1	619059	620555	0.0282781120957821	1144
bv	uv	1	620555	622095	0.028044497765694	1087
bv	uv	1	622095	623621	0.0326609358243648	1076
bv	uv	1	623621	625136	0.0312320538676551	1110
bv	uv	1	625136	626635	0.0316763601241769	1099
bv	uv	1	626635	628180	0.0342486595950374	1099
bv	uv	1	628180	629776	0.0417109808060351	1100
bv	uv	1	629776	631343	0.0342867086585421	1070
bv	uv	1	631343	632865	0.0296692842647885	1138
bv	uv	1	632865	634430	0.0346733016466287	1121
bv	uv	1	634430	635929	0.0329576489330811	1134
bv	uv	1	635929	637471	0.036220638739417	1131
bv	uv	1	637471	639010	0.0313285106490424	1136
bv	uv	1	639010	640500	0.0322128879933074	1108
bv	uv	1	640500	642028	0.0305155273217024	1132
bv	uv	1	642028	643525	0.0298133548632218	1156
bv	uv	1	643525	645053	0.0326578187366327	1089
bv	uv	1	645053	646578	0.0312001149457105	1105
bv	uv	1	646578	648060	0.0324325566297478	1106
bv	uv	1	648060	649562	0.0322145348033302	1074
bv	uv	1	649562	651125	0.0380884835994338	1123
bv	uv	1	651125	652643	0.0331355326512187	1131
bv	uv	1	652643	654165	0.0310024472429366	1097
bv	uv	1	654165	655698	0.0354861225320896	1139
bv	uv	1	655698	657273	0.0325973409306742	1132
bv	uv	1	657273	658808	0.0282578084997439	1099
bv	uv	1	658808	660320	0.0352210517975785	1151
bv	uv	1	660320	661881	0.0329024931516349	1116
bv	uv	1	661881	663407	0.0345909186215742	1146
bv	uv	1	663407	664950	0.0355596490747516	1102
bv	uv	1	664950	666454	0.0356444168697954	1128
bv	uv	1	666454	668004	0.0324503993407707	1108
bv	uv	1	668004	669529	0.0327480730793054	1142
bv	uv	1	669529	671108	0.0353322178873346	1071
bv	uv	1	671108	672620	0.0308916637949092	1118
bv	uv	1	672620	674113	0.0359690664734399	1069
bv	uv	1	674113	675624	0.0370166630920322	1122
bv	uv	1	675624	677157	0.0347785613043171	1098
bv	uv	1	677157	678624	0.0287067897809529	1143
bv	uv	1	678624	680112	0.0302455454390376	1113
bv	uv	1	680112	681643	0.0320743000081394	1097
bv	uv	1	681643	683177	0.0297093908894706	1114
bv	uv	1	683177	684728	0.0328575676479333	1121
bv	uv	1	684728	686235	0.0345989103333166	1133
bv	uv	1	686235	687721	0.0353532512992743	1126
bv	uv	1	687721	689251	0.0339018752160387	1175
bv	uv	1	689251	690767	0.0446592296728294	1070
bv	uv	1	690767	692282	0.0356016049427506	1145
bv	uv	1	692282	693820	0.030464542542053	1183
bv	uv	1	693820	695350	0.0362210727476061	1152
bv	uv	1	695350	696852	0.0362735703162248	1142
bv	uv	1	696852	698412	0.0360194144000896	1145
bv	uv	1	698412	699946	0.0374073720360026	1100
bv	uv	1	699946	701468	0.0297845486193154	1129
bv	uv	1	701468	703001	0.035467469641623	1135
bv	uv	1	703001	704557	0.0382419395063133	1112
bv	uv	1	704557	706133	0.039952021951905	1133
bv	uv	1	706133	707680	0.0295031823213156	1100
bv	uv	1	707680	709189	0.0350117370892018	1114
bv	uv	1	709189	710710	0.0336302415750333	1099
bv	uv	1	710710	712259	0.0370196324143692	1149
bv	uv	1	712259	713761	0.0413113292107084	1157
bv	uv	1	713761	715289	0.0356679453909511	1114
bv	uv	1	715289	716804	0.0316743883301935	1117
bv	uv	1	716804	718337	0.0409955424207026	1197
bv	uv	1	718337	719891	0.0412825648102009	1145
bv	uv	1	719891	721414	0.0373783697247992	1117
bv	uv	1	721414	722947	0.0315124239701844	1135
bv	uv	1	722947	724475	0.0358359098671803	1112
bv	uv	1	724475	726003	0.0310750385336223	1086
bv	uv	1	726003	727577	0.0353467894985016	1093
bv	uv	1	727577	729119	0.0364615051493375	1103
bv	uv	1	729119	730660	0.0356477540496194	1107
bv	uv	1	730660	732173	0.0362517392246386	1116
bv	uv	1	732173	733673	0.0371432084485669	1186
bv	uv	1	733673	735210	0.0425433828329401	1118
bv	uv	1	735210	736746	0.0359688188834692	1136
bv	uv	1	736746	738293	0.0357412465465671	1094
bv	uv	1	738293	739823	0.03567080846868	1115
bv	uv	1	739823	741305	0.0320923603595957	1082
bv	uv	1	741305	742827	0.0329439558768335	1121
bv	uv	1	742827	744360	0.0414537540909264	1125
bv	uv	1	744360	745880	0.0379279963723727	1121
bv	uv	1	745880	747397	0.0343489115886065	1095
bv	uv	1	747397	748937	0.0359087048072629	1125
bv	uv	1	748937	750464	0.0363956585936604	1143
bv	uv	1	750464	751991	0.0380168466568769	1115
bv	uv	1	751991	753544	0.0297508235873383	1134
bv	uv	1	753544	755012	0.0369558573437128	1114
bv	uv	1	755012	756524	0.0332106893880712	1128
bv	uv	1	756524	758057	0.0326515494716736	1130
bv	uv	1	758057	759621	0.0390386161391093	1141
bv	uv	1	759621	761202	0.0386488631217334	1098
bv	uv	1	761202	762718	0.03684559645241	1108
bv	uv	1	762718	764317	0.0381433879330233	1113
bv	uv	1	764317	765886	0.0357567638755134	1110
bv	uv	1	765886	767419	0.0325832197579812	1089
bv	uv	1	767419	768944	0.0370677671417878	1123
bv	uv	1	768944	770406	0.0375248569288848	1114
bv	uv	1	770406	771930	0.0333484740039273	1143
bv	uv	1	771930	773507	0.0413235162474263	1095
bv	uv	1	773507	775029	0.031156393747959	1090
bv	uv	1	775029	776579	0.0377066717455131	1112
bv	uv	1	776579	778143	0.0359099097009617	1110
bv	uv	1	778143	779637	0.0294299165465111	1084
bv	uv	1	779637	781134	0.0343514495546333	1110
bv	uv	1	781134	782638	0.0342959843793144	1122
bv	uv	1	782638	784188	0.029748755340084	1073
bv	uv	1	784188	785761	0.0370500272564011	1094
bv	uv	1	785761	787373	0.0282144378410174	1112
bv	uv	1	787373	788917	0.0333598082996317	1132
bv	uv	1	788917	790415	0.0347755787314636	1059
bv	uv	1	790415	791963	0.0312275798756348	1153
bv	uv	1	791963	793509	0.0313198706825853	1098
bv	uv	1	793509	795026	0.0350534475740691	1134
bv	uv	1	795026	796575	0.0373110721784229	1089
bv	uv	1	796575	798056	0.0272115557632448	1069
bv	uv	1	798056	799588	0.0320555055882086	1077
bv	uv	1	799588	801089	0.0334359918320453	1112
bv	uv	1	801089	802600	0.033801497050741	1139
bv	uv	1	802600	804159	0.0383139301736885	1079
bv	uv	1	804159	805744	0.0401066779516914	1115
bv	uv	1	805744	807293	0.0321308408006317	1131
bv	uv	1	807293	808881	0.030746161471082	1127
bv	uv	1	808881	810383	0.0322204352315145	1108
bv	uv	1	810383	811874	0.0327881971545026	1174
bv	uv	1	811874	813386	0.0321499187092339	1150
bv	uv	1	813386	814931	0.031224169312695	1099
bv	uv	1	814931	816496	0.0364412200671125	1110
bv	uv	1	816496	818053	0.0329737529659548	1092
bv	uv	1	818053	819553	0.0307710948331922	1167
bv	uv	1	819553	821051	0.0283472240892593	1142
bv	uv	1	821051	822618	0.0360404184406727	1133
bv	uv	1	822618	824159	0.0292572915042423	1146
bv	uv	1	824159	825654	0.0321754451703945	1128
bv	uv	1	825654	827180	0.0320331340581124	1154
bv	uv	1	827180	828721	0.0316085540377464	1161
bv	uv	1	828721	830223	0.0324732031773375	1126
bv	uv	1	830223	831765	0.0336147688159062	1133
bv	uv	1	831765	833329	0.0327423842841119	1158
bv	uv	1	833329	834835	0.033856377843201	1110
bv	uv	1	834835	836348	0.0323654710896656	1115
bv	uv	1	836348	837862	0.0310791173198072	1121
bv	uv	1	837862	839393	0.0321937070529962	1150
bv	uv	1	839393	840963	0.0359790920698365	1117
bv	uv	1	840963	842541	0.0325523555380661	1077
bv	uv	1	842541	844043	0.0330805448136429	1125
bv	uv	1	844043	845547	0.0305630695817377	1173
bv	uv	1	845547	847135	0.0347886170868927	1146
bv	uv	1	847135	848635	0.0360145991649697	1133
bv	uv	1	848635	850165	0.0368493669226797	1132
bv	uv	1	850165	851691	0.0338613251618524	1136
bv	uv	1	851691	853218	0.0298085656741173	1133
bv	uv	1	853218	854748	0.0319247567074406	1104
bv	uv	1	854748	856271	0.0326047130714868	1098
bv	uv	1	856271	857751	0.0340242615002639	1128
bv	uv	1	857751	859293	0.03636816293537	1102
bv	uv	1	859293	860823	0.0402755822940657	1122
bv	uv	1	860823	862292	0.0343417283032381	1086
bv	uv	1	862292	863805	0.0306639754695748	1169
bv	uv	1	863805	865363	0.0356570378970109	1099
bv	uv	1	865363	866945	0.0334669544461149	1122
bv	uv	1	866945	868537	0.0322960656598191	1103
bv	uv	1	868537	870046	0.0406142384418004	1127
bv	uv	1	870046	871586	0.0322834109387379	1151
bv	uv	1	871586	873074	0.030576958738112	1154
bv	uv	1	873074	874598	0.032100696741662	1079
bv	uv	1	874598	876144	0.027653595064102	1132
bv	uv	1	876144	877694	0.0302408401109601	1127
bv	uv	1	877694	879222	0.03378837374252	1149
bv	uv	1	879222	880697	0.0350596071144354	1132
bv	uv	1	880697	882219	0.0343290162806317	1144
bv	uv	1	882219	883772	0.0321697522872432	1103
bv	uv	1	883772	885297	0.028140433182937	1132
bv	uv	1	885297	886800	0.0288830028487415	1108
bv	uv	1	886800	888310	0.0360037912867882	1177
bv	uv	1	888310	889799	0.0349033902393691	1110
bv	uv	1	889799	891344	0.0345782736861858	1088
bv	uv	1	891344	892855	0.0312644441332917	1102
bv	uv	1	892855	894375	0.0263424999706364	1133
bv	uv	1	894375	895940	0.0306462594683537	1119
bv	uv	1	895940	897436	0.0276808449015877	1082
bv	uv	1	897436	898956	0.0304946252836799	1143
bv	uv	1	898956	900551	0.0320671263828875	1097
bv	uv	1	900551	902056	0.0334929244794095	1116
bv	uv	1	902056	903591	0.0383564018454809	1098
bv	uv	1	903591	905108	0.0337352383331121	1096
bv	uv	1	905108	906666	0.0434727994106672	1113
bv	uv	1	906666	908140	0.0315463908470925	1128
bv	uv	1	908140	909670	0.0284450302212657	1113
bv	uv	1	909670	911182	0.0274208470394736	1099
bv	uv	1	911182	912700	0.0278815920607515	1111
bv	uv	1	912700	914255	0.0328973235599741	1099
bv	uv	1	914255	915821	0.0288728281500949	1182
bv	uv	1	915821	917377	0.0333518047006539	1134
bv	uv	1	917377	918852	0.0313157696560853	1135
bv	uv	1	918852	920377	0.0336878014178723	1116
bv	uv	1	920377	921935	0.0329895927356867	1099
bv	uv	1	921935	923480	0.0321919971573523	1104
bv	uv	1	923480	925011	0.0348424595220833	1080
bv	uv	1	925011	926552	0.036946736684171	1155
bv	uv	1	926552	928083	0.0350554762135465	1087
bv	uv	1	928083	929626	0.0290892223230083	1101
bv	uv	1	929626	931150	0.0354950884835803	1099
bv	uv	1	931150	932650	0.0335238817661311	1144
bv	uv	1	932650	934219	0.0270957174425336	1074
bv	uv	1	934219	935747	0.0355744492006246	1101
bv	uv	1	935747	937295	0.0334447688923406	1094
bv	uv	1	937295	938851	0.0333870314125118	1120
bv	uv	1	938851	940369	0.0348619288112577	1115
bv	uv	1	940369	941891	0.0339151997623243	1062
bv	uv	1	941891	943440	0.0409539943666571	1119
bv	uv	1	943440	944985	0.0320708524186342	1146
bv	uv	1	944985	946527	0.0393168732266799	1130
bv	uv	1	946527	948057	0.0356198611377028	1114
bv	uv	1	948057	949584	0.0353592233519462	1144
bv	uv	1	949584	951178	0.0383327730724977	1118
bv	uv	1	951178	952689	0.0417704335162728	1144
bv	uv	1	952689	954219	0.0346555232394286	1117
bv	uv	1	954219	955700	0.0432504042874517	1145
bv	uv	1	955700	957179	0.0398540282162943	1164
bv	uv	1	957179	958677	0.034105513938694	1149
bv	uv	1	958677	960194	0.0323679418843483	1124
bv	uv	1	960194	961737	0.0351419843953252	1136
bv	uv	1	961737	963272	0.0351243640856712	1168
bv	uv	1	963272	964733	0.0359164631594084	1136
bv	uv	1	964733	966291	0.0376275806526553	1120
bv	uv	1	966291	967814	0.0325951539539982	1118
bv	uv	1	967814	969324	0.0326587018326231	1151
bv	uv	1	969324	970819	0.0375012362806263	1109
bv	uv	1	970819	972373	0.0353194533343281	1132
bv	uv	1	972373	973926	0.0375431873579952	1056
bv	uv	1	973926	975455	0.0405474534395284	1091
bv	uv	1	975455	976989	0.0353474654482461	1144
bv	uv	1	976989	978498	0.0329994743607758	1147
bv	uv	1	978498	979999	0.0301187751563805	1133
bv	uv	1	979999	981503	0.0273797862662153	1130
bv	uv	1	981503	983068	0.0334253277643847	1107
bv	uv	1	983068	984576	0.0337971342231108	1101
bv	uv	1	984576	986097	0.0326063798730137	1135
bv	uv	1	986097	987665	0.0296295477505433	1112
bv	uv	1	987665	989202	0.0326107794085171	1117
bv	uv	1	989202	990726	0.0297187124623856	1092
bv	uv	1	990726	992279	0.0301112038763147	1167
bv	uv	1	992279	993806	0.0348132140761943	1121
bv	uv	1	993806	995345	0.0391507873137817	1047
bv	uv	1	995345	996890	0.03019579668265	1091
bv	uv	1	996890	998402	0.0323455667437528	1095
bv	uv	1	998402	1000030	0.0328710445528967	1116
bv	uv	1	1000030	1001541	0.0397256771187528	1087
bv	uv	1	1001541	1003062	0.043489958579301	1123
bv	uv	1	1003062	1004579	0.0373337919707701	1125
bv	uv	1	1004579	1006106	0.0406565321214177	1151
bv	uv	1	1006106	1007662	0.0420917434547316	1100
bv	uv	1	1007662	1009185	0.0352779083180245	1125
bv	uv	1	1009185	1010699	0.0374474122384639	1144
bv	uv	1	1010699	1012191	0.0357065721874511	1108
bv	uv	1	1012191	1013672	0.0336634346340489	1101
bv	uv	1	1013672	1015232	0.0403132048608558	1110
bv	uv	1	1015232	1016771	0.0329452781752778	1124
bv	uv	1	1016771	1018292	0.0369078882333354	1128
bv	uv	1	1018292	1019815	0.0348588281357628	1167
bv	uv	1	1019815	1021396	0.033993285199012	1184
bv	uv	1	1021396	1022917	0.0379014317645074	1120
bv	uv	1	1022917	1024474	0.0446793727019335	1147
bv	uv	1	1024474	1026064	0.0443779669700681	1110
bv	uv	1	1026064	1027569	0.0385317245814706	1057
bv	uv	1	1027569	1029130	0.0345613018244977	1145
bv	uv	1	1029130	1030627	0.035802827339832	1107
bv	uv	1	1030627	1032168	0.0318770836004615	1143
bv	uv	1	1032168	1033706	0.0388621961534728	1102
bv	uv	1	1033706	1035262	0.0377187634241964	1108
bv	uv	1	1035262	1036821	0.0348743231774533	1113
bv	uv	1	1036821	1038360	0.0339941203784071	1094
bv	uv	1	1038360	1039887	0.0387990510542496	1098
bv	uv	1	1039887	1041415	0.0360133237348942	1099
bv	uv	1	1041415	1042986	0.0303150270717467	1123
bv	uv	1	1042986	1044552	0.0314233761895932	1161
bv	uv	1	1044552	1046093	0.0329991219788886	1120
bv	uv	1	1046093	1047617	0.0337186210206152	1095
bv	uv	1	1047617	1049121	0.0381622424702215	1134
bv	uv	1	1049121	1050633	0.029898377471068	1111
bv	uv	1	1050633	1052109	0.0394553644553644	1133
bv	uv	1	1052109	1053604	0.0357919035835537	1112
bv	uv	1	1053604	1055143	0.0342551411906083	1087
bv	uv	1	1055143	1056661	0.0412670841895814	1146
bv	uv	1	1056661	1058189	0.0383945573776385	1113
bv	uv	1	1058189	1059754	0.040561763124418	1141
bv	uv	1	1059754	1061252	0.0343705424812313	1136
bv	uv	1	1061252	1062793	0.0362436959234415	1103
bv	uv	1	1062793	1064313	0.0331126652821884	1128
bv	uv	1	1064313	1065859	0.0348372910454136	1104
bv	uv	1	1065859	1067399	0.0347262617099948	1126
bv	uv	1	1067399	1068935	0.0395988224413667	1091
bv	uv	1	1068935	1070466	0.0375542118128483	1134
bv	uv	1	1070466	1072014	0.0359567837016132	1147
bv	uv	1	1072014	1073588	0.0398164362226113	1069
bv	uv	1	1073588	1075113	0.0374306924919958	1122
bv	uv	1	1075113	1076637	0.0340272080940661	1114
bv	uv	1	1076637	1078164	0.0404897629612803	1160
bv	uv	1	1078164	1079719	0.0356729479644206	1132
bv	uv	1	1079719	1081266	0.0427065108827531	1131
bv	uv	1	1081266	1082783	0.0421785896815149	1135
bv	uv	1	1082783	1084275	0.0390451942594324	1143
bv	uv	1	1084275	1085804	0.0384966693416322	1142
bv	uv	1	1085804	1087333	0.0388100878649757	1136
bv	uv	1	1087333	1088914	0.0366318453360668	1082
bv	uv	1	1088914	1090457	0.0364746284381835	1125
bv	uv	1	1090457	1091944	0.0392004004693398	1087
bv	uv	1	1091944	1093446	0.0390761571010798	1118
bv	uv	1	1093446	1094979	0.0328709017314125	1099
bv	uv	1	1094979	1096495	0.0335009200841219	1101
bv	uv	1	1096495	1097987	0.0395673413631225	1094
bv	uv	1	1097987	1099554	0.0427385586814892	1110
bv	uv	1	1099554	1101077	0.0409532616182169	1103
bv	uv	1	1101077	1102623	0.0509809760265474	1077
bv	uv	1	1102623	1104151	0.0449685558601136	1099
bv	uv	1	1104151	1105643	0.0381367026526794	1138
bv	uv	1	1105643	1107113	0.0336596729649718	1126
bv	uv	1	1107113	1108593	0.0365905420944047	1063
bv	uv	1	1108593	1110200	0.0477772975920831	1144
bv	uv	1	1110200	1111750	0.0382951352560685	1137
bv	uv	1	1111750	1113316	0.0451711293457136	1065
bv	uv	1	1113316	1114841	0.0423117971263818	1125
bv	uv	1	1114841	1116385	0.0442293257908315	1128
bv	uv	1	1116385	1117920	0.0392282872511397	1131
bv	uv	1	1117920	1119424	0.0347252784393588	1054
bv	uv	1	1119424	1120981	0.0434687023224275	1092
bv	uv	1	1120981	1122537	0.0439984783634565	1089
bv	uv	1	1122537	1124070	0.033026326552672	1109
bv	uv	1	1124070	1125610	0.0366378391782616	1145
bv	uv	1	1125610	1127111	0.0378384865285319	1096
bv	uv	1	1127111	1128662	0.0351461889271339	1120
bv	uv	1	1128662	1130175	0.035604283835476	1113
bv	uv	1	1130175	1131688	0.0319844241050746	1065
bv	uv	1	1131688	1133199	0.0352019040949205	1109
bv	uv	1	1133199	1134738	0.0350937367926373	1190
bv	uv	1	1134738	1136268	0.0330655480877323	1113
bv	uv	1	1136268	1137805	0.0339732622885946	1142
bv	uv	1	1137805	1139302	0.0336697753313268	1135
bv	uv	1	1139302	1140762	0.0358307505253466	1059
bv	uv	1	1140762	1142293	0.0379690330756687	1121
bv	uv	1	1142293	1143834	0.0307201193980349	1103
bv	uv	1	1143834	1145397	0.0374218304745992	1117
bv	uv	1	1145397	1146884	0.0345056142273274	1167
bv	uv	1	1146884	1148384	0.0331966766734058	1114
bv	uv	1	1148384	1149881	0.0359611831780528	1085
bv	uv	1	1149881	1151433	0.0340755805507709	1074
bv	uv	1	1151433	1152939	0.035844457067121	1145
bv	uv	1	1152939	1154477	0.0425777871817587	1114
bv	uv	1	1154477	1155984	0.0443050684985656	1073
bv	uv	1	1155984	1157529	0.0400458494530638	1111
bv	uv	1	1157529	1159049	0.0464051541221942	1096
bv	uv	1	1159049	1160606	0.0439334219411216	1114
bv	uv	1	1160606	1162149	0.0382384741893924	1099
bv	uv	1	1162149	1163647	0.0457271766178458	1132
bv	uv	1	1163647	1165133	0.0416054268694479	1112
bv	uv	1	1165133	1166656	0.0420919778994236	1079
bv	uv	1	1166656	1168190	0.0464860974956032	1192
bv	uv	1	1168190	1169712	0.0406756470255669	1151
bv	uv	1	1169712	1171242	0.0365280755565389	1121
bv	uv	1	1171242	1172765	0.0365914828572581	1112
bv	uv	1	1172765	1174296	0.0384684090612138	1088
bv	uv	1	1174296	1175822	0.0418407878765834	1106
bv	uv	1	1175822	1177415	0.0446235155600032	1123
bv	uv	1	1177415	1178959	0.03696101153796	1076
bv	uv	1	1178959	1180501	0.0348488056512617	1170
bv	uv	1	1180501	1182039	0.0350137998675332	1073
bv	uv	1	1182039	1183525	0.0355101626761012	1098
bv	uv	1	1183525	1185051	0.0353618612870783	1104
bv	uv	1	1185051	1186573	0.0390454560255283	1118
bv	uv	1	1186573	1188097	0.0445311308916487	1124
bv	uv	1	1188097	1189671	0.0460257658690581	1078
bv	uv	1	1189671	1191123	0.0410312354451692	1129
bv	uv	1	1191123	1192629	0.039327799937671	1081
bv	uv	1	1192629	1194147	0.040785746445053	1146
bv	uv	1	1194147	1195668	0.0381514247434356	1106
bv	uv	1	1195668	1197160	0.0458280293569238	1104
bv	uv	1	1197160	1198657	0.0385792387588919	1132
bv	uv	1	1198657	1200185	0.0402517946660042	1102
bv	uv	1	1200185	1201730	0.036112130272207	1120
bv	uv	1	1201730	1203211	0.0335425903313572	1124
bv	uv	1	1203211	1204698	0.037925937784524	1134
bv	uv	1	1204698	1206229	0.0358123145634049	1123
bv	uv	1	1206229	1207730	0.0419469012810909	1102
bv	uv	1	1207730	1209214	0.0393603579210665	1120
bv	uv	1	1209214	1210723	0.0396661180497587	1121
bv	uv	1	1210723	1212244	0.0386051597519124	1093
bv	uv	1	1212244	1213771	0.038229933740165	1075
bv	uv	1	1213771	1215322	0.041987408379282	1079
bv	uv	1	1215322	1216825	0.0377170071234223	1093
bv	uv	1	1216825	1218338	0.03181122907436	1113
bv	uv	1	1218338	1219867	0.047440653141812	1184
bv	uv	1	1219867	1221401	0.042296949483853	1129
bv	uv	1	1221401	1222938	0.0456494076320583	1127
bv	uv	1	1222938	1224481	0.0369445431576152	1148
bv	uv	1	1224481	1226068	0.0403674240408662	1143
bv	uv	1	1226068	1227653	0.0339432444066387	1066
bv	uv	1	1227653	1229196	0.0430558229902947	1102
bv	uv	1	1229196	1230716	0.0403086637104198	1187
bv	uv	1	1230716	1232186	0.0428019789749022	1120
bv	uv	1	1232186	1233684	0.0540046530488529	1109
bv	uv	1	1233684	1235196	0.0395124168415079	1128
bv	uv	1	1235196	1236709	0.0379566265686637	1147
bv	uv	1	1236709	1238201	0.0445412146372668	1105
bv	uv	1	1238201	1239693	0.0451664505302673	1133
bv	uv	1	1239693	1241187	0.0346876780929835	1097
bv	uv	1	1241187	1242737	0.0376994327626685	1165
bv	uv	1	1242737	1244289	0.0403117619413063	1164
bv	uv	1	1244289	1245830	0.0431798951665486	1152
bv	uv	1	1245830	1247359	0.0418374760167132	1167
bv	uv	1	1247359	1248915	0.0389369716314052	1096
bv	uv	1	1248915	1250458	0.0330880854359434	1150
bv	uv	1	1250458	1252001	0.0350714643299273	1139
bv	uv	1	1252001	1253485	0.038466373539729	1105
bv	uv	1	1253485	1255044	0.0350819059928949	1137
bv	uv	1	1255044	1256528	0.0431229906046134	1138
bv	uv	1	1256528	1258019	0.0369989202548359	1084
bv	uv	1	1258019	1259518	0.0365041601062023	1130
bv	uv	1	1259518	1261058	0.0341442497752038	1149
bv	uv	1	1261058	1262571	0.0364797208902143	1090
bv	uv	1	1262571	1264101	0.0392047554430268	1126
bv	uv	1	1264101	1265629	0.0400846070280791	1118
bv	uv	1	1265629	1267183	0.0330843425319303	1092
bv	uv	1	1267183	1268741	0.0366288467333831	1124
bv	uv	1	1268741	1270293	0.034545356775833	1148
bv	uv	1	1270293	1271848	0.0362290455397455	1117
bv	uv	1	1271848	1273353	0.0335325642267751	1121
bv	uv	1	1273353	1274909	0.0386655976084409	1150
bv	uv	1	1274909	1276415	0.0369109056843843	1131
bv	uv	1	1276415	1277948	0.0381229761356282	1132
bv	uv	1	1277948	1279471	0.0385561282456286	1099
bv	uv	1	1279471	1281032	0.0376787456332397	1143
bv	uv	1	1281032	1282572	0.0437525164407462	1120
bv	uv	1	1282572	1284089	0.0392683004052684	1122
bv	uv	1	1284089	1285599	0.0429430014704391	1133
bv	uv	1	1285599	1287180	0.038408766602027	1103
bv	uv	1	1287180	1288736	0.0368697952947881	1124
bv	uv	1	1288736	1290253	0.0290267493775855	1109
bv	uv	1	1290253	1291770	0.0350889570512346	1145
bv	uv	1	1291770	1293222	0.0338183752904901	1119
bv	uv	1	1293222	1294744	0.0386600791195038	1135
bv	uv	1	1294744	1296280	0.0341019974547363	1128
bv	uv	1	1296280	1297782	0.0402637132844114	1144
bv	uv	1	1297782	1299319	0.0291041415500155	1138
bv	uv	1	1299319	1300905	0.0385746528185114	1111
bv	uv	1	1300905	1302474	0.0425605670492645	1120
bv	uv	1	1302474	1303993	0.0315444843852275	1145
bv	uv	1	1303993	1305557	0.0407886104710701	1101
bv	uv	1	1305557	1307101	0.036931951689459	1118
bv	uv	1	1307101	1308642	0.0384451950920688	1097
bv	uv	1	1308642	1310222	0.035205468569544	1113
bv	uv	1	1310222	1311739	0.0436611205487484	1089
bv	uv	1	1311739	1313278	0.0409443255817053	1088
bv	uv	1	1313278	1314827	0.0364436420101325	1095
bv	uv	1	1314827	1316381	0.0377195135253054	1087
bv	uv	1	1316381	1317907	0.0413630917360456	1084
bv	uv	1	1317907	1319450	0.0466565828572624	1144
bv	uv	1	1319450	1321063	0.0413228941820032	1164
bv	uv	1	1321063	1322519	0.0419525979674021	1116
bv	uv	1	1322519	1324011	0.0378408313210574	1137
bv	uv	1	1324011	1325542	0.0387788267323595	1068
bv	uv	1	1325542	1327003	0.036533998314325	1117
bv	uv	1	1327003	1328598	0.0428868282348519	1063
bv	uv	1	1328598	1330132	0.0470016690510252	1122
bv	uv	1	1330132	1331646	0.0334470925149556	1092
bv	uv	1	1331646	1333148	0.0384358817251057	1128
bv	uv	1	1333148	1334650	0.0351090860461561	1090
bv	uv	1	1334650	1336193	0.0392095727134604	1097
bv	uv	1	1336193	1337735	0.0331993934697084	1068
bv	uv	1	1337735	1339269	0.0427547879362788	1075
bv	uv	1	1339269	1340786	0.0341313107371415	1100
bv	uv	1	1340786	1342335	0.0358058266487956	1106
bv	uv	1	1342335	1343876	0.0357418881355051	1125
bv	uv	1	1343876	1345374	0.0389514601747455	1098
bv	uv	1	1345374	1346943	0.0395180575842898	1160
bv	uv	1	1346943	1348468	0.0431789398172822	1126
bv	uv	1	1348468	1349926	0.0372699987121767	1145
bv	uv	1	1349926	1351399	0.044595107271281	1142
bv	uv	1	1351399	1352980	0.0326881040225165	1128
bv	uv	1	1352980	1354487	0.0426320290947482	1151
bv	uv	1	1354487	1356032	0.038984897681163	1082
bv	uv	1	1356032	1357538	0.039612772312722	1091
bv	uv	1	1357538	1359033	0.0343554419172645	1103
bv	uv	1	1359033	1360546	0.037833839070701	1116
bv	uv	1	1360546	1362066	0.0323667200025473	1128
bv	uv	1	1362066	1363569	0.042204845906027	1106
bv	uv	1	1363569	1365056	0.0387547184813531	1135
bv	uv	1	1365056	1366577	0.0414052124833997	1121
bv	uv	1	1366577	1368143	0.0410829549654016	1134
bv	uv	1	1368143	1369692	0.0432531538970967	1094
bv	uv	1	1369692	1371207	0.0358923900980933	1067
bv	uv	1	1371207	1372792	0.0462040548471157	1148
bv	uv	1	1372792	1374298	0.0369732374675454	1130
bv	uv	1	1374298	1375851	0.0392804154811755	1072
bv	uv	1	1375851	1377347	0.0338907549256543	1159
bv	uv	1	1377347	1378858	0.0404108293945989	1170
bv	uv	1	1378858	1380415	0.0455875334660174	1102
bv	uv	1	1380415	1381958	0.0442530277279574	1106
bv	uv	1	1381958	1383464	0.0452937567342956	1131
bv	uv	1	1383464	1385037	0.0339024017911662	1087
bv	uv	1	1385037	1386586	0.0419565325145418	1092
bv	uv	1	1386586	1388181	0.037220892322975	1137
bv	uv	1	1388181	1389764	0.0368120037950105	1094
bv	uv	1	1389764	1391291	0.0361232781118874	1124
bv	uv	1	1391291	1392853	0.0412229662787705	1138
bv	uv	1	1392853	1394367	0.0433607296642602	1102
bv	uv	1	1394367	1395900	0.0370979560429362	1129
bv	uv	1	1395900	1397455	0.0389013762372333	1134
bv	uv	1	1397455	1398975	0.0383784507513028	1153
bv	uv	1	1398975	1400539	0.037336542279328	1096
bv	uv	1	1400539	1402125	0.0467672692080026	1150
bv	uv	1	1402125	1403662	0.0364697825425276	1073
bv	uv	1	1403662	1405182	0.0384712558299351	1145
bv	uv	1	1405182	1406690	0.0427349807168331	1183
bv	uv	1	1406690	1408186	0.0324707575763435	1136
bv	uv	1	1408186	1409743	0.0368441076561944	1154
bv	uv	1	1409743	1411267	0.0375998462110385	1128
bv	uv	1	1411267	1412801	0.0398034446660088	1086
bv	uv	1	1412801	1414342	0.0404567014601361	1055
bv	uv	1	1414342	1415841	0.0377727563516076	1078
bv	uv	1	1415841	1417371	0.0386847217709876	1106
bv	uv	1	1417371	1418869	0.0361214106079962	1129
bv	uv	1	1418869	1420419	0.0432320099593562	1141
bv	uv	1	1420419	1421936	0.0362791038219358	1101
bv	uv	1	1421936	1423482	0.0419115154254718	1144
bv	uv	1	1423482	1425006	0.0387099100516612	1110
bv	uv	1	1425006	1426586	0.0356770253023519	1083
bv	uv	1	1426586	1428072	0.0278026741410075	1068
bv	uv	1	1428072	1429569	0.0341872117442889	1103
bv	uv	1	1429569	1431115	0.0365001252700076	1147
bv	uv	1	1431115	1432688	0.0378417149722649	1107
bv	uv	1	1432688	1434245	0.0280114138749573	1156
bv	uv	1	1434245	1435813	0.0441592992796332	1123
bv	uv	1	1435813	1437370	0.0437895255793294	1105
bv	uv	1	1437370	1438943	0.0413928021698018	1116
bv	uv	1	1438943	1440528	0.0393957002629379	1119
bv	uv	1	1440528	1442057	0.0396570865284409	1125
bv	uv	1	1442057	1443609	0.03760184853431	1115
bv	uv	1	1443609	1445131	0.0401740593864534	1092
bv	uv	1	1445131	1446627	0.0349874731154307	1083
bv	uv	1	1446627	1448155	0.0343795962027008	1120
bv	uv	1	1448155	1449665	0.0376797314824844	1120
bv	uv	1	1449665	1451204	0.0356369115656184	1074
bv	uv	1	1451204	1452775	0.0340575435442424	1128
bv	uv	1	1452775	1454298	0.0337343894759957	1138
bv	uv	1	1454298	1455856	0.0388349436856899	1123
bv	uv	1	1455856	1457359	0.039037216016654	1127
bv	uv	1	1457359	1458920	0.0386172459032155	1129
bv	uv	1	1458920	1460408	0.0389234477031054	1142
bv	uv	1	1460408	1461947	0.0379134189268875	1159
bv	uv	1	1461947	1463467	0.0409393225752499	1141
bv	uv	1	1463467	1464972	0.0402955479791943	1099
bv	uv	1	1464972	1466531	0.0428222683865165	1071
bv	uv	1	1466531	1468071	0.0354932461348664	1117
bv	uv	1	1468071	1469596	0.0358795556585233	1115
bv	uv	1	1469596	1471104	0.0446867485021871	1096
bv	uv	1	1471104	1472638	0.039768156040894	1124
bv	uv	1	1472638	1474158	0.0407502322186836	1095
bv	uv	1	1474158	1475716	0.0386410497555803	1155
bv	uv	1	1475716	1477252	0.033756761250199	1118
bv	uv	1	1477252	1478829	0.0380945390487375	1106
bv	uv	1	1478829	1480399	0.0368148426578038	1086
bv	uv	1	1480399	1481942	0.0321928594880094	1118
bv	uv	1	1481942	1483479	0.037435715067294	1077
bv	uv	1	1483479	1485019	0.0398604820111893	1105
bv	uv	1	1485019	1486545	0.0364771824220342	1096
bv	uv	1	1486545	1488088	0.0360513566075384	1093
bv	uv	1	1488088	1489670	0.0333228467698127	1114
bv	uv	1	1489670	1491244	0.0391932049391665	1098
bv	uv	1	1491244	1492767	0.0365305298821013	1138
bv	uv	1	1492767	1494282	0.0326451723624574	1110
bv	uv	1	1494282	1495839	0.034827430924121	1108
bv	uv	1	1495839	1497318	0.036500598819906	1092
bv	uv	1	1497318	1498856	0.0405354925095086	1156
bv	uv	1	1498856	1499998	0.0371165966655897	858
