pop1	pop2	chromosome	window_pos_1	window_pos_2	avg_wc_fst	no_snps
bv	uv	1	1	1351	0.0131192371850032	996
bv	uv	1	1351	2671	0.0101661015545022	998
bv	uv	1	2671	3988	0.0229833429970627	998
bv	uv	1	3988	5358	0.0215697105970896	999
bv	uv	1	5358	6675	0.0072035488917933	1001
bv	uv	1	6675	7963	0.0144898687037083	999
bv	uv	1	7963	9216	0.0163925619723719	999
bv	uv	1	9216	10450	0.0074357340131718	999
bv	uv	1	10450	11718	0.0187816877202028	1001
bv	uv	1	11718	13102	0.0172414711160098	997
bv	uv	1	13102	14505	0.014038635275859	994
bv	uv	1	14505	15776	0.0125109074125513	998
bv	uv	1	15776	17060	0.0146702644482226	1000
bv	uv	1	17060	18428	0.0234650549366094	998
bv	uv	1	18428	19732	0.0240098269773155	997
bv	uv	1	19732	21026	0.0067335753434408	1000
bv	uv	1	21026	22381	0.0176024490363876	1001
bv	uv	1	22381	23711	0.0206789133218709	996
bv	uv	1	23711	25013	0.0164797911028179	995
bv	uv	1	25013	26342	0.0156564273244634	996
bv	uv	1	26342	27606	0.0130485595119388	994
bv	uv	1	27606	28991	0.0105983560973143	993
bv	uv	1	28991	30346	0.0182714153147099	998
bv	uv	1	30346	31603	0.0203750536813475	990
bv	uv	1	31603	32798	0.0205337509689462	999
bv	uv	1	32798	34089	0.0208297270786452	996
bv	uv	1	34089	35413	0.0220168892047858	998
bv	uv	1	35413	36731	0.0187212372585037	1000
bv	uv	1	36731	38034	0.0277163134516726	999
bv	uv	1	38034	39355	0.0148401261163109	1002
bv	uv	1	39355	40667	0.0287561596719251	999
bv	uv	1	40667	41997	0.0161969233439649	999
bv	uv	1	41997	43344	0.0153260515251465	1003
bv	uv	1	43344	44751	0.0158870255957634	996
bv	uv	1	44751	46078	0.0166690801435214	998
bv	uv	1	46078	47439	0.0099121454697345	997
bv	uv	1	47439	48758	0.0117357084838809	998
bv	uv	1	48758	50063	0.0211211380736941	999
bv	uv	1	50063	51415	0.0175660039970548	999
bv	uv	1	51415	52775	0.0217330748317511	999
bv	uv	1	52775	54136	0.0132706275442044	996
bv	uv	1	54136	55522	0.012443265847315	1002
bv	uv	1	55522	56899	0.0093432028340859	999
bv	uv	1	56899	58263	0.0118985892367187	1000
bv	uv	1	58263	59650	0.0106467047718022	1003
bv	uv	1	59650	60989	0.0163772934367688	998
bv	uv	1	60989	62250	0.0100658863336348	992
bv	uv	1	62250	63574	0.0126756774931073	998
bv	uv	1	63574	64997	0.01877807118514	997
bv	uv	1	64997	66400	0.0156654360724614	998
bv	uv	1	66400	67702	0.0231706809767461	1000
bv	uv	1	67702	69050	0.0173971499272704	998
bv	uv	1	69050	70333	0.0191011443775944	996
bv	uv	1	70333	71709	0.0159257789243897	995
bv	uv	1	71709	73084	0.0123396668479334	1000
bv	uv	1	73084	74393	0.0104504562951429	995
bv	uv	1	74393	75727	0.0131544495763555	998
bv	uv	1	75727	77086	0.0165577120662985	997
bv	uv	1	77086	78379	0.0147948608208923	996
bv	uv	1	78379	79665	-0.0003207676108391	997
bv	uv	1	79665	80964	0.0154978622339717	1003
bv	uv	1	80964	82278	0.0111963152607981	1002
bv	uv	1	82278	83609	0.0046600618095475	1001
bv	uv	1	83609	84898	0.011316767222279	1001
bv	uv	1	84898	86331	0.020317752677784	999
bv	uv	1	86331	87667	0.0170122550286984	994
bv	uv	1	87667	89011	0.0142341732904898	998
bv	uv	1	89011	90337	0.0095013421812637	995
bv	uv	1	90337	91680	0.0171437693173592	996
bv	uv	1	91680	92995	0.0107836326949158	998
bv	uv	1	92995	94259	0.0069242086010144	997
bv	uv	1	94259	95605	0.0107040326559906	997
bv	uv	1	95605	96847	0.0143107034144594	999
bv	uv	1	96847	98159	0.0161484225233128	999
bv	uv	1	98159	99503	0.0156030491200944	990
bv	uv	1	99503	100798	0.011818311262993	996
bv	uv	1	100798	102123	0.008951035978063	996
bv	uv	1	102123	103515	0.0240348393399733	999
bv	uv	1	103515	104818	0.0229962534193867	995
bv	uv	1	104818	106261	0.0161558840935614	1000
bv	uv	1	106261	107584	0.0167829593561233	994
bv	uv	1	107584	108925	0.0207761213547796	999
bv	uv	1	108925	110347	0.0193944191569364	999
bv	uv	1	110347	111651	0.0151730519462421	1000
bv	uv	1	111651	112924	0.01285759382972	995
bv	uv	1	112924	114260	0.0327805651936352	997
bv	uv	1	114260	115597	0.0189302052526058	993
bv	uv	1	115597	116937	0.0218894425941229	1000
bv	uv	1	116937	118302	0.0246901462978412	999
bv	uv	1	118302	119665	0.0175916848003698	1001
bv	uv	1	119665	120998	0.0158047859932377	1001
bv	uv	1	120998	122371	0.0118785621578917	1000
bv	uv	1	122371	123683	0.0112957841135265	998
bv	uv	1	123683	124976	0.0160327374067832	998
bv	uv	1	124976	126298	0.0203774655881935	998
bv	uv	1	126298	127569	0.0166585799773572	999
bv	uv	1	127569	128908	0.0162247770321432	994
bv	uv	1	128908	130120	0.0215597102913929	995
bv	uv	1	130120	131446	0.0197605944094019	1000
bv	uv	1	131446	132794	0.0183237950303687	994
bv	uv	1	132794	134121	0.0168541640911525	1001
bv	uv	1	134121	135450	0.0144403630497735	997
bv	uv	1	135450	136790	0.018009926471598	995
bv	uv	1	136790	138143	0.0199187124753467	996
bv	uv	1	138143	139381	0.0082774631690858	997
bv	uv	1	139381	140734	0.0220015526493145	1000
bv	uv	1	140734	142082	0.0115340253748558	1001
bv	uv	1	142082	143427	0.0169013756391888	996
bv	uv	1	143427	144780	0.0145180530098047	999
bv	uv	1	144780	146114	0.0054972077443987	998
bv	uv	1	146114	147426	0.0114982262936533	1000
bv	uv	1	147426	148686	0.0106324564468626	1000
bv	uv	1	148686	150042	0.0121537225634248	1000
bv	uv	1	150042	151355	0.0213473963936951	996
bv	uv	1	151355	152681	0.0147886205368712	996
bv	uv	1	152681	154108	0.0199290199290199	996
bv	uv	1	154108	155443	0.0159629248197734	1000
bv	uv	1	155443	156767	0.0161059820966709	993
bv	uv	1	156767	158120	0.018157694292243	999
bv	uv	1	158120	159517	0.0132147395171537	997
bv	uv	1	159517	160824	0.0134460278876655	1002
bv	uv	1	160824	162122	0.0155885879771035	998
bv	uv	1	162122	163481	0.0152491319660933	1001
bv	uv	1	163481	164762	0.0195483141898159	999
bv	uv	1	164762	166081	0.014045009464607	1003
bv	uv	1	166081	167401	0.0102477732250739	1000
bv	uv	1	167401	168699	0.0142803017640045	1001
bv	uv	1	168699	169953	0.0163216036089805	1001
bv	uv	1	169953	171221	0.0180349320134266	998
bv	uv	1	171221	172596	0.0124475104979004	993
bv	uv	1	172596	173957	0.0104641462107525	995
bv	uv	1	173957	175363	0.0157580801775558	997
bv	uv	1	175363	176688	0.0139730773416154	999
bv	uv	1	176688	177976	0.0301453531677626	998
bv	uv	1	177976	179240	0.0180405969879654	994
bv	uv	1	179240	180483	0.0233651859577126	1003
bv	uv	1	180483	181844	0.019771930999085	998
bv	uv	1	181844	183197	0.0156666549225475	997
bv	uv	1	183197	184483	0.0174023655672604	1000
bv	uv	1	184483	185795	0.0176144885370501	996
bv	uv	1	185795	187128	0.0124843335449322	996
bv	uv	1	187128	188373	0.0113387761682775	999
bv	uv	1	188373	189743	0.0200381365683663	999
bv	uv	1	189743	191014	0.0296026429532129	997
bv	uv	1	191014	192370	0.0203816497204623	997
bv	uv	1	192370	193664	0.0160523504273504	995
bv	uv	1	193664	195022	0.0131015971723936	1001
bv	uv	1	195022	196421	0.0077736468543286	999
bv	uv	1	196421	197726	0.0155771937784292	994
bv	uv	1	197726	199089	0.0185562587150059	997
bv	uv	1	199089	200402	0.0245814828467943	998
bv	uv	1	200402	201801	0.0184283737789372	998
bv	uv	1	201801	203233	0.0206669732569644	1000
bv	uv	1	203233	204502	0.0241104660421103	995
bv	uv	1	204502	205783	0.0189506682340778	996
bv	uv	1	205783	207151	0.0176860565720261	994
bv	uv	1	207151	208476	0.032128679551105	1000
bv	uv	1	208476	209831	0.0199765964560347	998
bv	uv	1	209831	211120	0.0227243403651377	997
bv	uv	1	211120	212412	0.0171887312844759	998
bv	uv	1	212412	213753	0.0234546011732772	1000
bv	uv	1	213753	215024	0.0166569934576408	994
bv	uv	1	215024	216369	0.0255096595154232	999
bv	uv	1	216369	217664	0.0190358006733342	998
bv	uv	1	217664	218913	0.0169667873935158	1000
bv	uv	1	218913	220298	0.0194576375057453	998
bv	uv	1	220298	221667	0.0195962363500036	1002
bv	uv	1	221667	223072	0.0203400354903854	995
bv	uv	1	223072	224424	0.0275489329862852	998
bv	uv	1	224424	225884	0.0265774235654688	992
bv	uv	1	225884	227221	0.0172582022197829	995
bv	uv	1	227221	228601	0.0123248399110468	998
bv	uv	1	228601	229953	0.018723520568539	999
bv	uv	1	229953	231305	0.0239612029384756	1000
bv	uv	1	231305	232635	0.0171320934438905	996
bv	uv	1	232635	234018	0.021803638240227	999
bv	uv	1	234018	235388	0.0192290959714608	1001
bv	uv	1	235388	236694	0.013269051903952	998
bv	uv	1	236694	237996	0.0170388589890331	1001
bv	uv	1	237996	239394	0.0193060756852887	1001
bv	uv	1	239394	240705	0.0190076172848295	999
bv	uv	1	240705	242044	0.0248083424598828	1001
bv	uv	1	242044	243364	0.0309894739248856	994
bv	uv	1	243364	244714	0.026750755038786	997
bv	uv	1	244714	246043	0.0207192340500163	998
bv	uv	1	246043	247426	0.0232505770421663	999
bv	uv	1	247426	248778	0.0200429319119172	996
bv	uv	1	248778	250096	0.0199444444444444	998
bv	uv	1	250096	251333	0.0259255488818758	1000
bv	uv	1	251333	252652	0.0257760991286485	1001
bv	uv	1	252652	254061	0.0189069546150345	999
bv	uv	1	254061	255386	0.024299984333047	996
bv	uv	1	255386	256762	0.0133444845547049	1002
bv	uv	1	256762	258187	0.0195564295859281	999
bv	uv	1	258187	259610	0.0198514502691858	997
bv	uv	1	259610	260919	0.0194140121837972	995
bv	uv	1	260919	262348	0.0186198708481742	997
bv	uv	1	262348	263741	0.0247973859301845	998
bv	uv	1	263741	265079	0.0192599016128427	996
bv	uv	1	265079	266457	0.0183972404139379	1001
bv	uv	1	266457	267811	0.0188715578663585	999
bv	uv	1	267811	269028	0.0266580324861043	1001
bv	uv	1	269028	270422	0.0204542110168244	1002
bv	uv	1	270422	271766	0.0181381089366989	1001
bv	uv	1	271766	273122	0.0117857152639118	997
bv	uv	1	273122	274425	0.0167624644517187	996
bv	uv	1	274425	275756	0.0195363755649511	1002
bv	uv	1	275756	277093	0.0239153947842807	1001
bv	uv	1	277093	278488	0.0266895928971942	995
bv	uv	1	278488	279915	0.0276316009288494	992
bv	uv	1	279915	281336	0.0309518386353858	996
bv	uv	1	281336	282702	0.0259184700553598	995
bv	uv	1	282702	284143	0.0127922437215601	1000
bv	uv	1	284143	285577	0.0261207220344225	1000
bv	uv	1	285577	286941	0.0194750919424941	998
bv	uv	1	286941	288340	0.0210742068485236	999
bv	uv	1	288340	289707	0.027886967155835	997
bv	uv	1	289707	291052	0.0230959775815622	994
bv	uv	1	291052	292501	0.0286258609740608	999
bv	uv	1	292501	293846	0.0266859508819692	1000
bv	uv	1	293846	295198	0.0215294220819082	992
bv	uv	1	295198	296542	0.0226196125444358	997
bv	uv	1	296542	297933	0.0240108631834358	992
bv	uv	1	297933	299323	0.0193295829863412	1001
bv	uv	1	299323	300625	0.0112852628422485	999
bv	uv	1	300625	302026	0.0137662264838646	999
bv	uv	1	302026	303461	0.0261309558334092	996
bv	uv	1	303461	304823	0.0179564911324568	1005
bv	uv	1	304823	306262	0.0185972384495764	991
bv	uv	1	306262	307747	0.0191563067388391	995
bv	uv	1	307747	309178	0.0283984712807208	995
bv	uv	1	309178	310547	0.0210185025310453	995
bv	uv	1	310547	312008	0.0091697645600991	999
bv	uv	1	312008	313424	0.0225154732196985	997
bv	uv	1	313424	314816	0.0152081154222908	999
bv	uv	1	314816	316226	0.0061545413219878	998
bv	uv	1	316226	317661	0.0184305716183961	1002
bv	uv	1	317661	319053	0.0163929698270143	998
bv	uv	1	319053	320397	0.0165497421103243	994
bv	uv	1	320397	321829	0.0187034781431858	998
bv	uv	1	321829	323150	0.0168801258285585	991
bv	uv	1	323150	324526	0.0198869252362313	1001
bv	uv	1	324526	325974	0.0205314009661835	1000
bv	uv	1	325974	327426	0.0194060236932691	996
bv	uv	1	327426	328817	0.0169396274887604	997
bv	uv	1	328817	330144	0.0257578504557481	1002
bv	uv	1	330144	331587	0.0125840678092164	994
bv	uv	1	331587	333021	0.0221846818870643	998
bv	uv	1	333021	334410	0.0226859922910859	989
bv	uv	1	334410	335723	0.0228579888433572	997
bv	uv	1	335723	337124	0.0198931318494316	1001
bv	uv	1	337124	338570	0.0201566418274087	996
bv	uv	1	338570	339879	0.027835536311771	990
bv	uv	1	339879	341253	0.0279143253749397	998
bv	uv	1	341253	342628	0.0089642412961512	999
bv	uv	1	342628	343976	0.0121728213106252	996
bv	uv	1	343976	345404	0.0112798376114494	996
bv	uv	1	345404	346819	0.0304938544920834	997
bv	uv	1	346819	348208	0.0193115569272976	998
bv	uv	1	348208	349641	0.0219541846439894	997
bv	uv	1	349641	351024	0.0141832320245331	997
bv	uv	1	351024	352426	0.0234495064478662	995
bv	uv	1	352426	353749	0.0179341609005034	1001
bv	uv	1	353749	355096	0.0123427548818358	1000
bv	uv	1	355096	356510	0.0199133910541125	998
bv	uv	1	356510	357923	0.0193680929051588	1000
bv	uv	1	357923	359268	0.0198210556545353	1000
bv	uv	1	359268	360693	0.0165105963528831	997
bv	uv	1	360693	362064	0.0120110992913789	1000
bv	uv	1	362064	363576	0.0156703066197791	997
bv	uv	1	363576	364989	0.0108356196575751	998
bv	uv	1	364989	366398	0.0197288122918486	1002
bv	uv	1	366398	367777	0.0232605613210409	1000
bv	uv	1	367777	369253	0.0200013541878258	997
bv	uv	1	369253	370685	0.0157919711996012	1002
bv	uv	1	370685	372088	0.0124209231324879	999
bv	uv	1	372088	373474	0.0137316099373062	1002
bv	uv	1	373474	374831	0.0095289552532049	995
bv	uv	1	374831	376266	0.0192586783857889	1000
bv	uv	1	376266	377668	0.0146684700351012	997
bv	uv	1	377668	379098	0.0204884994294209	1001
bv	uv	1	379098	380505	0.0135395441538341	1000
bv	uv	1	380505	381874	0.0097694881681279	999
bv	uv	1	381874	383296	0.0141809684956893	1001
bv	uv	1	383296	384700	0.0179851873788351	999
bv	uv	1	384700	386174	0.0101767776461815	997
bv	uv	1	386174	387537	0.0172146320209361	1002
bv	uv	1	387537	388979	0.015867489056904	998
bv	uv	1	388979	390402	0.0118033049253791	997
bv	uv	1	390402	391828	0.0180909465512887	998
bv	uv	1	391828	393200	0.0159496917665941	998
bv	uv	1	393200	394569	0.0178362360616557	997
bv	uv	1	394569	395984	0.0197261042200689	997
bv	uv	1	395984	397390	0.0224851269813061	993
bv	uv	1	397390	398796	0.0236173583862357	996
bv	uv	1	398796	400200	0.0274603332339593	998
bv	uv	1	400200	401611	0.0233644985466093	1003
bv	uv	1	401611	403082	0.0219940737031008	996
bv	uv	1	403082	404506	0.0337844339168775	994
bv	uv	1	404506	405903	0.0161024040527398	999
bv	uv	1	405903	407432	0.0150617152899409	994
bv	uv	1	407432	408868	0.0166800508599344	998
bv	uv	1	408868	410298	0.0165957648343627	994
bv	uv	1	410298	411722	0.0212125123703799	997
bv	uv	1	411722	413159	0.0212758144012422	998
bv	uv	1	413159	414573	0.0120635525191691	992
bv	uv	1	414573	415983	0.0179779839868381	1000
bv	uv	1	415983	417438	0.0141518909717596	995
bv	uv	1	417438	418906	0.0243718187170149	1001
bv	uv	1	418906	420395	0.0191155052269604	1000
bv	uv	1	420395	421862	0.0166548596352321	996
bv	uv	1	421862	423260	0.0131253200693754	999
bv	uv	1	423260	424714	0.0157672236740108	999
bv	uv	1	424714	426205	0.0189380467537337	999
bv	uv	1	426205	427662	0.0235838062561317	1000
bv	uv	1	427662	429178	0.0346083788706739	995
bv	uv	1	429178	430651	0.0224938239500715	998
bv	uv	1	430651	432021	0.0130102018704873	999
bv	uv	1	432021	433522	0.0179818389750562	999
bv	uv	1	433522	434941	0.0142206068997346	999
bv	uv	1	434941	436433	0.0196922586303117	1002
bv	uv	1	436433	437908	0.0167379196452153	1000
bv	uv	1	437908	439298	0.0142547104666074	996
bv	uv	1	439298	440742	0.0164465487166708	998
bv	uv	1	440742	442154	0.0202492739866888	998
bv	uv	1	442154	443652	0.0169680376034781	998
bv	uv	1	443652	445136	0.0139373113613751	1000
bv	uv	1	445136	446524	0.0321486109168518	1000
bv	uv	1	446524	447964	0.0276636083087695	996
bv	uv	1	447964	449503	0.0216331743425339	998
bv	uv	1	449503	451054	0.0169589505872691	998
bv	uv	1	451054	452583	0.0218503694416314	994
bv	uv	1	452583	454121	0.0143285425770606	999
bv	uv	1	454121	455645	0.0187137305009849	995
bv	uv	1	455645	457139	0.0161284947848978	992
bv	uv	1	457139	458660	0.0160788311247026	999
bv	uv	1	458660	460230	0.0183348021657867	998
bv	uv	1	460230	461687	0.0165375202762658	997
bv	uv	1	461687	463225	0.0144192217410955	1002
bv	uv	1	463225	464717	0.0216079850828123	998
bv	uv	1	464717	466246	0.0200729875102043	1001
bv	uv	1	466246	467851	0.0197324591845552	1000
bv	uv	1	467851	469431	0.0158151979921134	1000
bv	uv	1	469431	470945	0.0179216871673351	997
bv	uv	1	470945	472431	0.0188821574220315	1003
bv	uv	1	472431	473933	0.012823634445256	1001
bv	uv	1	473933	475405	0.0225727082095645	999
bv	uv	1	475405	476898	0.0191145329350554	1003
bv	uv	1	476898	478451	0.0185635538261997	993
bv	uv	1	478451	479983	0.0137816549127087	995
bv	uv	1	479983	481561	0.0174605969640306	996
bv	uv	1	481561	483177	0.0144447788143244	993
bv	uv	1	483177	484739	0.0147744841029777	999
bv	uv	1	484739	486261	0.0226641509013897	999
bv	uv	1	486261	487895	0.0151289238782529	993
bv	uv	1	487895	489571	0.0267766818411735	998
bv	uv	1	489571	490469	0.0183839247541684	998
bv	uv	1	490469	491113	0.0126859399128208	998
bv	uv	1	491113	491748	0.0121937722570522	1003
bv	uv	1	491748	492393	0.0102699807831647	1004
bv	uv	1	492393	493020	0.0187739350443505	1000
bv	uv	1	493020	493659	0.0157894736842105	999
bv	uv	1	493659	494297	0.0210199660401662	1001
bv	uv	1	494297	494928	0.0267001369237791	1002
bv	uv	1	494928	495600	0.0234953537098347	999
bv	uv	1	495600	496275	0.017221606149355	1004
bv	uv	1	496275	496935	0.0157287908893904	1002
bv	uv	1	496935	497577	0.0126488811839866	1001
bv	uv	1	497577	498253	0.0208362290926179	999
bv	uv	1	498253	498918	0.0147786570185988	995
bv	uv	1	498918	499579	0.0199650418859936	997
bv	uv	1	499579	500414	0.0130651840750916	995
bv	uv	1	500414	501776	0.0126236096519752	1003
bv	uv	1	501776	503085	0.0170525328026662	1000
bv	uv	1	503085	504389	0.0137093811575326	999
bv	uv	1	504389	505651	0.0121405858021428	995
bv	uv	1	505651	507000	0.0129524789843884	998
bv	uv	1	507000	508273	0.0131700983120014	997
bv	uv	1	508273	509526	0.019774152239352	998
bv	uv	1	509526	510787	0.0173247690457302	999
bv	uv	1	510787	512023	0.0134914065787676	1000
bv	uv	1	512023	513355	0.0216114634719285	1001
bv	uv	1	513355	514702	0.0189773197885454	997
bv	uv	1	514702	515982	0.0195215734585529	996
bv	uv	1	515982	517231	0.0177519471790614	997
bv	uv	1	517231	518506	0.0220257298761301	999
bv	uv	1	518506	519794	0.0148575597784631	1002
bv	uv	1	519794	521094	0.0146760869982426	996
bv	uv	1	521094	522390	0.0133614802625199	996
bv	uv	1	522390	523712	0.0149075144034945	1003
bv	uv	1	523712	525032	0.0122707999887681	1001
bv	uv	1	525032	526301	0.0180131284410853	996
bv	uv	1	526301	527718	0.0146542006498242	997
bv	uv	1	527718	528986	0.0177698211414457	1001
bv	uv	1	528986	530310	0.0146191544148185	999
bv	uv	1	530310	531587	0.0225610865380176	995
bv	uv	1	531587	532864	0.0245507835155556	996
bv	uv	1	532864	534179	0.0231518814467278	999
bv	uv	1	534179	535539	0.0188811578955757	1001
bv	uv	1	535539	536868	0.0179563857823658	1002
bv	uv	1	536868	538225	0.0143874428725659	1000
bv	uv	1	538225	539538	0.0231512256772615	999
bv	uv	1	539538	540876	0.0121515891731678	997
bv	uv	1	540876	542208	0.0126827146503668	991
bv	uv	1	542208	543531	0.0161426313996794	997
bv	uv	1	543531	544877	0.0235894157462784	1000
bv	uv	1	544877	546182	0.0108387879181622	997
bv	uv	1	546182	547479	0.0090854547012942	1000
bv	uv	1	547479	548831	0.0147811630701364	996
bv	uv	1	548831	550132	0.012065976691897	999
bv	uv	1	550132	551413	0.0142937724975721	1001
bv	uv	1	551413	552739	0.0163485704332246	1001
bv	uv	1	552739	553985	0.0100077589721334	1002
bv	uv	1	553985	555283	0.0096577770309736	1000
bv	uv	1	555283	556616	0.0095872231374702	997
bv	uv	1	556616	557927	0.0120751404991435	1000
bv	uv	1	557927	559262	0.0166248475198884	995
bv	uv	1	559262	560594	0.012725660124504	997
bv	uv	1	560594	561889	0.0119849644636547	995
bv	uv	1	561889	563223	0.0106991186417222	995
bv	uv	1	563223	564586	0.0230465838591689	995
bv	uv	1	564586	565873	0.0148623758643045	1001
bv	uv	1	565873	567154	0.0056305417423106	999
bv	uv	1	567154	568474	0.010159943667639	995
bv	uv	1	568474	569787	0.0084626546594446	999
bv	uv	1	569787	571101	0.0094541121453302	999
bv	uv	1	571101	572361	0.0172131726698081	1002
bv	uv	1	572361	573676	0.0153751436094482	999
bv	uv	1	573676	575019	0.0214133622594512	996
bv	uv	1	575019	576264	0.0197259040474311	999
bv	uv	1	576264	577557	0.0255769351694648	999
bv	uv	1	577557	578866	0.0243578775583959	997
bv	uv	1	578866	580187	0.0151603725788222	1001
bv	uv	1	580187	581465	0.0263251600294802	995
bv	uv	1	581465	582759	0.0253312391768354	999
bv	uv	1	582759	584097	0.0132831593838504	1000
bv	uv	1	584097	585448	0.0149269878687973	1003
bv	uv	1	585448	586730	0.0166817075505236	1003
bv	uv	1	586730	588044	0.0243056389402538	1002
bv	uv	1	588044	589394	0.0184391776803674	999
bv	uv	1	589394	590794	0.0196279228537293	998
bv	uv	1	590794	592128	0.0233515646213267	996
bv	uv	1	592128	593541	0.0176980606868017	999
bv	uv	1	593541	594898	0.0153379883123189	999
bv	uv	1	594898	596195	0.0190549431769631	999
bv	uv	1	596195	597492	0.0155747836835599	999
bv	uv	1	597492	598832	0.0144598556796243	1002
bv	uv	1	598832	600190	0.010727461280835	999
bv	uv	1	600190	601512	0.020326024721296	999
bv	uv	1	601512	602828	0.0189669189442893	999
bv	uv	1	602828	604202	0.0283805616174495	994
bv	uv	1	604202	605545	0.0207084453262562	998
bv	uv	1	605545	606869	0.0214445924559665	995
bv	uv	1	606869	608209	0.0154137304215742	998
bv	uv	1	608209	609499	0.0114554180008908	998
bv	uv	1	609499	610770	0.0187789818871211	999
bv	uv	1	610770	612078	0.0210192839678752	1003
bv	uv	1	612078	613323	0.0224231652346746	1000
bv	uv	1	613323	614706	0.0185934192074243	995
bv	uv	1	614706	616042	0.0262824867788301	1000
bv	uv	1	616042	617366	0.0232005625737187	1000
bv	uv	1	617366	618722	0.0169617993098026	997
bv	uv	1	618722	620039	0.0083802574880376	998
bv	uv	1	620039	621352	0.0134753489873315	1002
bv	uv	1	621352	622728	0.0115594421473419	1003
bv	uv	1	622728	624065	0.0158889859702695	1000
bv	uv	1	624065	625460	0.0149029079485092	995
bv	uv	1	625460	626786	0.0146870676230338	992
bv	uv	1	626786	628058	0.0240045638580108	999
bv	uv	1	628058	629399	0.0292725040082793	996
bv	uv	1	629399	630749	0.0245270259125472	999
bv	uv	1	630749	632011	0.0273134675356951	1002
bv	uv	1	632011	633321	0.0254419669102208	1002
bv	uv	1	633321	634636	0.0211799291775238	999
bv	uv	1	634636	635877	0.0198329546579745	999
bv	uv	1	635877	637164	0.0252692591946721	997
bv	uv	1	637164	638522	0.0170389642465219	996
bv	uv	1	638522	639828	0.0256784286109504	994
bv	uv	1	639828	641142	0.0278894166362197	994
bv	uv	1	641142	642392	0.0184097077216098	997
bv	uv	1	642392	643697	0.0172998038166577	1001
bv	uv	1	643697	645042	0.0158722454130666	1004
bv	uv	1	645042	646416	0.0215964015310256	993
bv	uv	1	646416	647716	0.0194342061174668	995
bv	uv	1	647716	649023	0.0246781782545088	994
bv	uv	1	649023	650414	0.0252799504032503	994
bv	uv	1	650414	651880	0.0203379899466493	999
bv	uv	1	651880	653287	0.0147954743255004	999
bv	uv	1	653287	654583	0.0154986433723777	1003
bv	uv	1	654583	655890	0.0238038421767031	1000
bv	uv	1	655890	657190	0.0199165030095086	999
bv	uv	1	657190	658531	0.0175493791896762	997
bv	uv	1	658531	659913	0.0117316244162106	1000
bv	uv	1	659913	661257	0.0197883624453539	1003
bv	uv	1	661257	662678	0.0230662782785537	996
bv	uv	1	662678	664014	0.0155451958048579	1002
bv	uv	1	664014	665332	0.0147328913732483	1002
bv	uv	1	665332	666668	0.024044644998147	1002
bv	uv	1	666668	667979	0.016065370348369	1002
bv	uv	1	667979	669365	0.0166015545017486	1000
bv	uv	1	669365	670726	0.0147086193494706	1000
bv	uv	1	670726	672184	0.0267230646185305	994
bv	uv	1	672184	673643	0.0204678362573099	1002
bv	uv	1	673643	674947	0.0186315497294404	1000
bv	uv	1	674947	676279	0.0106690678891071	1000
bv	uv	1	676279	677704	0.0201696770662287	998
bv	uv	1	677704	679050	0.0258798468058104	998
bv	uv	1	679050	680423	0.0187706391747965	1000
bv	uv	1	680423	681758	0.0195821527811897	992
bv	uv	1	681758	683109	0.0267341040462427	1001
bv	uv	1	683109	684492	0.0097187370193976	1000
bv	uv	1	684492	685891	0.0224466618649531	1000
bv	uv	1	685891	687233	0.0192096334878386	995
bv	uv	1	687233	688596	0.0132493768857405	1000
bv	uv	1	688596	689940	0.024760464358028	998
bv	uv	1	689940	691303	0.0226031714844741	1001
bv	uv	1	691303	692533	0.020491814769022	1003
bv	uv	1	692533	693815	0.0233799078320919	996
bv	uv	1	693815	695121	0.0172547926754217	996
bv	uv	1	695121	696405	0.0176942347067485	1000
bv	uv	1	696405	697725	0.0189558505861508	999
bv	uv	1	697725	699101	0.0230519353449962	1003
bv	uv	1	699101	700346	0.0207276806167748	997
bv	uv	1	700346	701669	0.0243446927251554	1004
bv	uv	1	701669	703009	0.0290995582738702	1001
bv	uv	1	703009	704273	0.020419844115617	993
bv	uv	1	704273	705678	0.0241992113649867	1001
bv	uv	1	705678	707119	0.0168126818209736	1003
bv	uv	1	707119	708479	0.0232993431629231	995
bv	uv	1	708479	709781	0.0190352020860495	992
bv	uv	1	709781	711089	0.0238232017973261	994
bv	uv	1	711089	712455	0.0216642254307037	1000
bv	uv	1	712455	713752	0.0177534985328958	998
bv	uv	1	713752	715135	0.0156413161812082	998
bv	uv	1	715135	716486	0.0271963360224154	1000
bv	uv	1	716486	717750	0.0214612247132572	1000
bv	uv	1	717750	719138	0.0165563942471965	999
bv	uv	1	719138	720460	0.0272613135650824	1000
bv	uv	1	720460	721876	0.0139162006802996	995
bv	uv	1	721876	723250	0.0206397750096002	1000
bv	uv	1	723250	724585	0.0138807141455758	997
bv	uv	1	724585	725990	0.0205167971867872	998
bv	uv	1	725990	727336	0.0136583245565641	997
bv	uv	1	727336	728635	0.0248589031062858	1001
bv	uv	1	728635	730080	0.021239478389812	997
bv	uv	1	730080	731354	0.0170674319777263	999
bv	uv	1	731354	732675	0.0110138321000202	1001
bv	uv	1	732675	733990	0.008474626741229	999
bv	uv	1	733990	735364	0.0159544890713888	998
bv	uv	1	735364	736703	0.0168439935158442	999
bv	uv	1	736703	738106	0.0204020402040204	995
bv	uv	1	738106	739520	0.0212229591502849	999
bv	uv	1	739520	740956	0.018331789964674	996
bv	uv	1	740956	742258	0.0163455428467683	1001
bv	uv	1	742258	743642	0.0130823833561773	999
bv	uv	1	743642	745022	0.0128558310376492	995
bv	uv	1	745022	746394	0.0083727828508851	1000
bv	uv	1	746394	747834	0.0213025718262933	1000
bv	uv	1	747834	749282	0.0101732430936874	1000
bv	uv	1	749282	750651	0.0177534985328958	999
bv	uv	1	750651	752003	0.0226306865724226	1000
bv	uv	1	752003	753350	0.0225202309567692	998
bv	uv	1	753350	754696	0.0185369484833038	1001
bv	uv	1	754696	756110	0.0156031967525053	996
bv	uv	1	756110	757580	0.0084618707595354	1001
bv	uv	1	757580	759006	0.0088898684887223	1000
bv	uv	1	759006	760477	0.0089784117529238	999
bv	uv	1	760477	761894	0.0173211172982334	996
bv	uv	1	761894	763273	0.017094017094017	995
bv	uv	1	763273	764614	0.009142811514353	999
bv	uv	1	764614	766008	0.0178974775973519	1001
bv	uv	1	766008	767383	0.0221898245036486	995
bv	uv	1	767383	768752	0.0186274757371446	1002
bv	uv	1	768752	770133	0.0114518741969722	996
bv	uv	1	770133	771470	0.0061832307312802	1001
bv	uv	1	771470	772811	0.0165489354267029	1000
bv	uv	1	772811	774108	0.0065454169145991	998
bv	uv	1	774108	775490	0.0154224933261407	996
bv	uv	1	775490	776884	0.0135273502649523	1001
bv	uv	1	776884	778238	0.0095749531384568	998
bv	uv	1	778238	779624	0.0282123814053621	998
bv	uv	1	779624	781003	0.0205067411662949	996
bv	uv	1	781003	782417	0.0174352241206981	997
bv	uv	1	782417	783837	0.0212091495188728	994
bv	uv	1	783837	785140	0.0274102720673044	997
bv	uv	1	785140	786450	0.0190701770368345	997
bv	uv	1	786450	787888	0.0145609606526048	997
bv	uv	1	787888	789202	0.0189640501147802	992
bv	uv	1	789202	790541	0.0182081773768044	1000
bv	uv	1	790541	791938	0.021425235517309	999
bv	uv	1	791938	793341	0.0166028097062579	999
bv	uv	1	793341	794770	0.011476456287604	1001
bv	uv	1	794770	796080	0.0130786656897669	998
bv	uv	1	796080	797412	0.012342590971371	997
bv	uv	1	797412	798803	0.0131652878988269	999
bv	uv	1	798803	800129	0.019672328833199	999
bv	uv	1	800129	801457	0.0140765860763836	994
bv	uv	1	801457	802915	0.0219258958801624	999
bv	uv	1	802915	804322	0.014050347988642	998
bv	uv	1	804322	805722	0.0127301940427635	1002
bv	uv	1	805722	807173	0.0149640041611134	1001
bv	uv	1	807173	808546	0.0107980743151613	997
bv	uv	1	808546	809951	0.020790273556231	999
bv	uv	1	809951	811318	0.0148469083528903	1002
bv	uv	1	811318	812731	0.0143572583605877	1001
bv	uv	1	812731	814176	0.0157315257976201	998
bv	uv	1	814176	815723	0.017594752738531	994
bv	uv	1	815723	817113	0.0152459806806657	1001
bv	uv	1	817113	818460	0.0183607147827083	991
bv	uv	1	818460	819865	0.0190073976859096	998
bv	uv	1	819865	821248	0.0204962796095296	997
bv	uv	1	821248	822693	0.028694248605431	1001
bv	uv	1	822693	824103	0.0209287272552921	1003
bv	uv	1	824103	825558	0.0193214432144321	998
bv	uv	1	825558	826984	0.0164235477275094	998
bv	uv	1	826984	828351	0.0108537540561709	996
bv	uv	1	828351	829758	0.0145075420194106	999
bv	uv	1	829758	831192	0.0267099350973539	998
bv	uv	1	831192	832632	0.0193432298695456	1000
bv	uv	1	832632	834015	0.0251365761268214	995
bv	uv	1	834015	835458	0.0301440226716703	997
bv	uv	1	835458	836919	0.0245926955447455	1001
bv	uv	1	836919	838385	0.0197327421231724	999
bv	uv	1	838385	839785	0.0227872980775136	998
bv	uv	1	839785	841179	0.023618703605158	999
bv	uv	1	841179	842535	0.0251519286893499	999
bv	uv	1	842535	843940	0.0128809349851332	999
bv	uv	1	843940	845373	0.0283538821938056	999
bv	uv	1	845373	846699	0.0162707155585159	998
bv	uv	1	846699	848112	0.0151257840273532	993
bv	uv	1	848112	849497	0.0159328087504883	992
bv	uv	1	849497	850931	0.0220905172413793	1000
bv	uv	1	850931	852295	0.0275594946710294	1000
bv	uv	1	852295	853705	0.0188051054793888	997
bv	uv	1	853705	855126	0.0159192406073133	1001
bv	uv	1	855126	856594	0.0263723939371113	999
bv	uv	1	856594	857954	0.011689961880559	997
bv	uv	1	857954	859511	0.0168315994248498	998
bv	uv	1	859511	860971	0.0178003004914818	998
bv	uv	1	860971	862378	0.0208924007806689	1000
bv	uv	1	862378	863820	0.0167545227312099	999
bv	uv	1	863820	865346	0.019717391810415	997
bv	uv	1	865346	866922	0.0201218167319862	999
bv	uv	1	866922	868355	0.0125611017108479	994
bv	uv	1	868355	869753	0.0152001197617596	1001
bv	uv	1	869753	871162	0.0197703861349572	1002
bv	uv	1	871162	872502	0.0156264083843424	1000
bv	uv	1	872502	873958	0.0148616892439225	1000
bv	uv	1	873958	875526	0.0208418768011024	997
bv	uv	1	875526	876916	0.0138733267295648	1001
bv	uv	1	876916	878428	0.0147014701470147	1001
bv	uv	1	878428	879855	0.0259475226980171	1000
bv	uv	1	879855	881305	0.0169549533138474	998
bv	uv	1	881305	882797	0.0013744127089648	999
bv	uv	1	882797	884221	0.0148592362259349	1002
bv	uv	1	884221	885687	0.0210599643482429	999
bv	uv	1	885687	887106	0.0161448498953439	997
bv	uv	1	887106	888436	0.0193396054865954	995
bv	uv	1	888436	889795	0.0161343336906037	998
bv	uv	1	889795	891315	0.0176031043006555	998
bv	uv	1	891315	892678	0.0152448478448528	998
bv	uv	1	892678	894061	0.0179735063273404	996
bv	uv	1	894061	895543	0.0144064431966422	999
bv	uv	1	895543	897021	0.0168374816983894	1001
bv	uv	1	897021	898477	0.0108075608933468	1000
bv	uv	1	898477	899964	0.0173444925050975	997
bv	uv	1	899964	901292	0.0205918027700205	995
bv	uv	1	901292	902656	0.0191593659601289	1000
bv	uv	1	902656	904146	0.0191176079026546	993
bv	uv	1	904146	905605	0.0165881479213792	999
bv	uv	1	905605	907069	0.0073225582594022	997
bv	uv	1	907069	908558	0.0164410719168717	997
bv	uv	1	908558	910103	0.021469721329046	995
bv	uv	1	910103	911575	0.019975479440761	999
bv	uv	1	911575	913089	0.0173041422976726	998
bv	uv	1	913089	914522	0.0210728939770021	997
bv	uv	1	914522	915935	0.0272833115908485	999
bv	uv	1	915935	917370	0.0264620566532429	1002
bv	uv	1	917370	918870	0.023146498328497	1004
bv	uv	1	918870	920418	0.0193894124938556	997
bv	uv	1	920418	921875	0.0137663667617584	997
bv	uv	1	921875	923377	0.0097900448218919	999
bv	uv	1	923377	924836	0.0176099414075075	999
bv	uv	1	924836	926281	0.0212295993864964	997
bv	uv	1	926281	927791	0.014529272567215	1002
bv	uv	1	927791	929290	0.011735096208006	994
bv	uv	1	929290	930741	0.0107280087240007	997
bv	uv	1	930741	932246	0.0155341193283315	996
bv	uv	1	932246	933756	0.0221481576436069	1004
bv	uv	1	933756	935240	0.0238538031063443	998
bv	uv	1	935240	936712	0.0248446321657636	1000
bv	uv	1	936712	938082	0.0219416442093355	1000
bv	uv	1	938082	939555	0.0242359846184982	999
bv	uv	1	939555	941033	0.0221841605146788	995
bv	uv	1	941033	942524	0.028285824133575	996
bv	uv	1	942524	943978	0.022354694485842	993
bv	uv	1	943978	945471	0.0268093100264272	999
bv	uv	1	945471	946990	0.0219802899747175	1000
bv	uv	1	946990	948544	0.0216923498275678	999
bv	uv	1	948544	950130	0.0258116856239341	1000
bv	uv	1	950130	951574	0.0221143874185393	1000
bv	uv	1	951574	953012	0.0200535758119083	999
bv	uv	1	953012	954511	0.0196220637414883	1002
bv	uv	1	954511	955933	0.0190687157563272	993
bv	uv	1	955933	957426	0.0266847580280416	999
bv	uv	1	957426	958902	0.0186391075690327	998
bv	uv	1	958902	960363	0.0255559314570478	996
bv	uv	1	960363	961947	0.0107702588119023	996
bv	uv	1	961947	963506	0.0186043517445603	995
bv	uv	1	963506	965074	0.0228598394433744	993
bv	uv	1	965074	966637	0.0182003574604664	997
bv	uv	1	966637	968211	0.0256410256410256	1000
bv	uv	1	968211	969840	0.0272891147597949	999
bv	uv	1	969840	971321	0.0142207603753506	1000
bv	uv	1	971321	972948	0.0220575467840679	999
bv	uv	1	972948	974457	0.0207527120021366	998
bv	uv	1	974457	976004	0.0178113972217904	993
bv	uv	1	976004	977622	0.0246215281253823	995
bv	uv	1	977622	979168	0.0109880785711255	998
bv	uv	1	979168	980695	0.0141864924201611	1004
bv	uv	1	980695	982273	0.0151961663634266	1000
bv	uv	1	982273	983762	0.0213787999385586	998
bv	uv	1	983762	985374	0.0185044359949302	1000
bv	uv	1	985374	986999	0.0156396527210575	997
bv	uv	1	986999	988559	0.0186998536812824	1000
bv	uv	1	988559	990086	0.0147700991074485	1002
bv	uv	1	990086	990723	0.0205617741596808	998
bv	uv	1	990723	991346	0.0189782695946333	1004
bv	uv	1	991346	991970	0.0190944950605648	1001
bv	uv	1	991970	992601	0.0277652498404776	1003
bv	uv	1	992601	993232	0.0270882584712371	999
bv	uv	1	993232	993874	0.018754852328797	1001
bv	uv	1	993874	994507	0.0160017053815791	1000
bv	uv	1	994507	995156	0.0122394633072156	1001
bv	uv	1	995156	995817	0.0195670537211442	1000
bv	uv	1	995817	996440	0.0255915523922966	1001
bv	uv	1	996440	997043	0.0180280563412473	999
bv	uv	1	997043	997624	0.0182012425744881	998
bv	uv	1	997624	998242	0.0140094331352024	997
bv	uv	1	998242	998878	0.0169794459338695	996
bv	uv	1	998878	999498	0.0209344711874222	994
bv	uv	1	999498	1000265	0.016304178723669	999
bv	uv	1	1000265	1001653	0.0201846925611935	996
bv	uv	1	1001653	1002990	0.0310565395224444	998
bv	uv	1	1002990	1004326	0.0151330170689735	996
bv	uv	1	1004326	1005635	0.0187048439038227	997
bv	uv	1	1005635	1006877	0.0235392884789411	1000
bv	uv	1	1006877	1008149	0.0224643841615786	1002
bv	uv	1	1008149	1009547	0.019772352266689	988
bv	uv	1	1009547	1010830	0.0088440582797918	1000
bv	uv	1	1010830	1012079	0.0173678532901833	1002
bv	uv	1	1012079	1013414	0.0227490697049909	1002
bv	uv	1	1013414	1014732	0.0148964521838943	999
bv	uv	1	1014732	1016024	0.0135097304114681	997
bv	uv	1	1016024	1017370	0.0101371984469746	1002
bv	uv	1	1017370	1018712	0.0062240043902187	997
bv	uv	1	1018712	1019991	0.0170040838077837	1000
bv	uv	1	1019991	1021294	0.0199371383475195	999
bv	uv	1	1021294	1022660	0.0160543936299475	1001
bv	uv	1	1022660	1023984	0.0180916135392173	994
bv	uv	1	1023984	1025430	0.0191608315692341	998
bv	uv	1	1025430	1026763	0.0215022724828644	999
bv	uv	1	1026763	1028148	0.0196213405382459	1000
bv	uv	1	1028148	1029511	0.0170259186913859	999
bv	uv	1	1029511	1030807	0.0191488831893224	999
bv	uv	1	1030807	1032110	0.013280363839637	999
bv	uv	1	1032110	1033419	0.0126742502128035	999
bv	uv	1	1033419	1034750	0.0191828599900348	999
bv	uv	1	1034750	1036115	0.0120853963690571	995
bv	uv	1	1036115	1037413	0.0074745547073791	999
bv	uv	1	1037413	1038823	0.0163423050379572	995
bv	uv	1	1038823	1040132	0.0133616200791697	998
bv	uv	1	1040132	1041482	0.0183352308455148	993
bv	uv	1	1041482	1042683	0.0164174364497466	996
bv	uv	1	1042683	1043947	0.0254218929399276	1001
bv	uv	1	1043947	1045295	0.0184255430859093	999
bv	uv	1	1045295	1046564	0.0173583931632564	998
bv	uv	1	1046564	1047865	0.0351991629923025	1000
bv	uv	1	1047865	1049210	0.0141093926777068	998
bv	uv	1	1049210	1050550	0.0108779913076817	997
bv	uv	1	1050550	1051815	0.021809747345315	998
bv	uv	1	1051815	1053094	0.0203705131610135	1002
bv	uv	1	1053094	1054420	0.0173882004997195	992
bv	uv	1	1054420	1055713	0.0225902385634982	999
bv	uv	1	1055713	1057095	0.0184950951457402	1001
bv	uv	1	1057095	1058441	0.0054434999357286	1005
bv	uv	1	1058441	1059801	0.0208802366132521	996
bv	uv	1	1059801	1061147	0.0211816434893927	998
bv	uv	1	1061147	1062527	0.0171448933809535	1000
bv	uv	1	1062527	1063817	0.0166989458937425	1000
bv	uv	1	1063817	1065030	0.0170929575912841	993
bv	uv	1	1065030	1066331	0.0145678834569323	994
bv	uv	1	1066331	1067631	0.0165049362463852	994
bv	uv	1	1067631	1068964	0.02001312335958	997
bv	uv	1	1068964	1070191	0.0153741645543681	998
bv	uv	1	1070191	1071433	0.0187950496396028	999
bv	uv	1	1071433	1072699	0.0144877316304473	1000
bv	uv	1	1072699	1073983	0.0180839768071468	998
bv	uv	1	1073983	1075321	0.023940609352034	1000
bv	uv	1	1075321	1076652	0.0250966569668155	987
bv	uv	1	1076652	1077958	0.0233142178049094	995
bv	uv	1	1077958	1079298	0.0265484287748934	997
bv	uv	1	1079298	1080639	0.0156457173163617	995
bv	uv	1	1080639	1082026	0.0197120922851365	998
bv	uv	1	1082026	1083314	0.0236233339395329	996
bv	uv	1	1083314	1084663	0.0169692771978429	996
bv	uv	1	1084663	1085947	0.0179124160310508	999
bv	uv	1	1085947	1087289	0.0172991921963115	1000
bv	uv	1	1087289	1088577	0.0190370461740882	1002
bv	uv	1	1088577	1089888	0.0247054729830491	999
bv	uv	1	1089888	1091243	0.0206413056616714	1000
bv	uv	1	1091243	1092617	0.0237675276455569	997
bv	uv	1	1092617	1093959	0.0236859303788539	999
bv	uv	1	1093959	1095265	0.0290485432406829	1002
bv	uv	1	1095265	1096554	0.0292409536945368	993
bv	uv	1	1096554	1097974	0.0217734918996343	996
bv	uv	1	1097974	1099295	0.0212564456227579	1000
bv	uv	1	1099295	1100596	0.0278434397471945	997
bv	uv	1	1100596	1101875	0.0203769670665629	999
bv	uv	1	1101875	1103193	0.0187111209461286	999
bv	uv	1	1103193	1104530	0.029725591230586	1001
bv	uv	1	1104530	1105881	0.0174605695863704	994
bv	uv	1	1105881	1107221	0.0253587350736105	1001
bv	uv	1	1107221	1108557	0.0199115352951846	997
bv	uv	1	1108557	1109963	0.0260927420521276	999
bv	uv	1	1109963	1111186	0.0324545601515046	999
bv	uv	1	1111186	1112531	0.0222942868745102	1001
bv	uv	1	1112531	1113882	0.0240578933570714	994
bv	uv	1	1113882	1115200	0.025534993136367	1000
bv	uv	1	1115200	1116451	0.0255105241481263	999
bv	uv	1	1116451	1117782	0.0260229782178428	1002
bv	uv	1	1117782	1119142	0.0208213518284849	998
bv	uv	1	1119142	1120447	0.0136149463072539	1004
bv	uv	1	1120447	1121724	0.0231711577689871	997
bv	uv	1	1121724	1123037	0.0172870140612076	997
bv	uv	1	1123037	1124365	0.0199463891516871	997
bv	uv	1	1124365	1125768	0.0218204783645352	1000
bv	uv	1	1125768	1127031	0.0219560878243512	999
bv	uv	1	1127031	1128352	0.0257819589464373	999
bv	uv	1	1128352	1129650	0.0231006787298178	998
bv	uv	1	1129650	1130944	0.0155074388043441	997
bv	uv	1	1130944	1132303	0.0137673104534296	999
bv	uv	1	1132303	1133655	0.0172458490944014	1000
bv	uv	1	1133655	1135010	0.014068200557984	1000
bv	uv	1	1135010	1136350	0.0267914648733197	997
bv	uv	1	1136350	1137754	0.0218740068261272	1002
bv	uv	1	1137754	1139114	0.0200087092742459	998
bv	uv	1	1139114	1140548	0.0227252530638294	998
bv	uv	1	1140548	1141910	0.0201860275495017	999
bv	uv	1	1141910	1143183	0.0207165691036658	987
bv	uv	1	1143183	1144529	0.0161953706232362	998
bv	uv	1	1144529	1145885	0.018748416518875	994
bv	uv	1	1145885	1147280	0.0140747398087122	997
bv	uv	1	1147280	1148599	0.0228067254869319	998
bv	uv	1	1148599	1149998	0.0223382651581085	998
bv	uv	1	1149998	1151325	0.0215276619736204	1004
bv	uv	1	1151325	1152682	0.0274277051939209	995
bv	uv	1	1152682	1154084	0.0170811016527029	1001
bv	uv	1	1154084	1155484	0.0110017003415117	1000
bv	uv	1	1155484	1156801	0.0197153809678875	993
bv	uv	1	1156801	1158026	0.029619695690326	992
bv	uv	1	1158026	1159308	0.0283783273143424	995
bv	uv	1	1159308	1160587	0.0246685767008206	998
bv	uv	1	1160587	1161917	0.0216678148476199	1000
bv	uv	1	1161917	1163238	0.0193799736582882	999
bv	uv	1	1163238	1164589	0.0261828074849777	1003
bv	uv	1	1164589	1165946	0.0196847990092188	1000
bv	uv	1	1165946	1167306	0.0112044339740744	1000
bv	uv	1	1167306	1168601	0.011758488571806	990
bv	uv	1	1168601	1169982	0.0102256953085682	997
bv	uv	1	1169982	1171309	0.0113463569308388	997
bv	uv	1	1171309	1172585	0.0108262690225717	1001
bv	uv	1	1172585	1173979	0.0187353375027896	1000
bv	uv	1	1173979	1175304	0.0237349961797254	996
bv	uv	1	1175304	1176656	0.017307702483187	999
bv	uv	1	1176656	1177988	0.0143222039773763	996
bv	uv	1	1177988	1179341	0.0180725696241705	1001
bv	uv	1	1179341	1180679	0.0149481289980444	1001
bv	uv	1	1180679	1181993	0.0197521675005858	1000
bv	uv	1	1181993	1183241	0.0154288236858628	1001
bv	uv	1	1183241	1184663	0.0134381359632861	997
bv	uv	1	1184663	1186005	0.0148836871258961	997
bv	uv	1	1186005	1187363	0.0158379250475919	997
bv	uv	1	1187363	1188695	0.0096067725265628	1002
bv	uv	1	1188695	1190103	0.013264194190809	1002
bv	uv	1	1190103	1191472	0.0183539978521917	1004
bv	uv	1	1191472	1192836	0.0262542411964291	998
bv	uv	1	1192836	1194234	0.0236360706159363	999
bv	uv	1	1194234	1195638	0.0213543450953522	1001
bv	uv	1	1195638	1196945	0.028036095612041	1000
bv	uv	1	1196945	1198223	0.0188529091989194	1001
bv	uv	1	1198223	1199570	0.0232410382702617	996
bv	uv	1	1199570	1200924	0.018024354990458	997
bv	uv	1	1200924	1202281	0.0154519274874943	1002
bv	uv	1	1202281	1203622	0.0183746148392738	1000
bv	uv	1	1203622	1204993	0.01363696919706	995
bv	uv	1	1204993	1206314	0.013691608325577	1001
bv	uv	1	1206314	1207628	0.008167683262561	1001
bv	uv	1	1207628	1208922	0.0042297136005368	997
bv	uv	1	1208922	1210263	0.024824671773881	1000
bv	uv	1	1210263	1211638	0.0127478793286809	1000
bv	uv	1	1211638	1213036	0.0157320329734122	1000
bv	uv	1	1213036	1214263	0.0054233002279116	997
bv	uv	1	1214263	1215707	0.0114261910553081	998
bv	uv	1	1215707	1217089	0.0109655947804778	999
bv	uv	1	1217089	1218413	0.0198723423502523	998
bv	uv	1	1218413	1219776	0.0197907362174952	996
bv	uv	1	1219776	1221190	0.0158151256772359	997
bv	uv	1	1221190	1222497	0.0133620258232409	994
bv	uv	1	1222497	1223821	0.0114163737947192	997
bv	uv	1	1223821	1225156	0.0168027926709091	1002
bv	uv	1	1225156	1226475	0.0192037269614315	996
bv	uv	1	1226475	1227753	0.0175444161597897	995
bv	uv	1	1227753	1229132	0.0146102692146053	999
bv	uv	1	1229132	1230409	0.0186947425254774	1001
bv	uv	1	1230409	1231728	0.0283758418902506	999
bv	uv	1	1231728	1233087	0.0246739037571688	994
bv	uv	1	1233087	1234458	0.0366639623212387	989
bv	uv	1	1234458	1235815	0.0207448828138483	999
bv	uv	1	1235815	1237173	0.019015017116014	1000
bv	uv	1	1237173	1238562	0.0163731155633989	999
bv	uv	1	1238562	1239909	0.0135951124353281	997
bv	uv	1	1239909	1241183	0.0247115008752698	995
bv	uv	1	1241183	1242537	0.0185955272237301	998
bv	uv	1	1242537	1243951	0.0218498360864445	999
bv	uv	1	1243951	1245260	0.0122752091513442	995
bv	uv	1	1245260	1246626	0.0195000396620248	998
bv	uv	1	1246626	1247898	0.0204519837540728	999
bv	uv	1	1247898	1249255	0.0179395321066058	997
bv	uv	1	1249255	1250618	0.019841461516581	999
bv	uv	1	1250618	1251951	0.0301003344481605	995
bv	uv	1	1251951	1253247	0.0214569848975188	998
bv	uv	1	1253247	1254718	0.0212205817004971	1002
bv	uv	1	1254718	1256098	0.0175261054337251	998
bv	uv	1	1256098	1257480	0.0193632546573723	1001
bv	uv	1	1257480	1258942	0.0183802143209631	1003
bv	uv	1	1258942	1260369	0.0178402996739159	996
bv	uv	1	1260369	1261685	0.0177496745802221	997
bv	uv	1	1261685	1263079	0.0129702125736494	1000
bv	uv	1	1263079	1264449	0.0206823310765963	1000
bv	uv	1	1264449	1265742	0.0197227601671593	999
bv	uv	1	1265742	1267028	0.0188136343514829	996
bv	uv	1	1267028	1268464	0.0254800109106865	1002
bv	uv	1	1268464	1269865	0.0219550963639976	1000
bv	uv	1	1269865	1271241	0.0210304675410335	999
bv	uv	1	1271241	1272624	0.0136353155449851	1001
bv	uv	1	1272624	1273992	0.0237351864907509	1001
bv	uv	1	1273992	1275399	0.0213416199337434	998
bv	uv	1	1275399	1276748	0.0345673321781488	997
bv	uv	1	1276748	1278203	0.0187336435871019	992
bv	uv	1	1278203	1279543	0.0176993058250334	1000
bv	uv	1	1279543	1280930	0.0100834779733862	999
bv	uv	1	1280930	1282331	0.0110807718964235	995
bv	uv	1	1282331	1283641	0.018628303427924	999
bv	uv	1	1283641	1284884	0.0219827302089512	998
bv	uv	1	1284884	1286248	0.0214456497613247	997
bv	uv	1	1286248	1287604	0.0194221535496519	1001
bv	uv	1	1287604	1288926	0.0185696374858077	997
bv	uv	1	1288926	1290390	0.0198822763628033	1000
bv	uv	1	1290390	1291844	0.0144794923281566	1001
bv	uv	1	1291844	1293215	0.0195334515512667	1000
bv	uv	1	1293215	1294670	0.0150764358781582	996
bv	uv	1	1294670	1296067	0.0149905912756466	1004
bv	uv	1	1296067	1297427	0.0145439792816374	992
bv	uv	1	1297427	1298766	0.0105221558069456	997
bv	uv	1	1298766	1300166	0.0146513545540429	996
bv	uv	1	1300166	1301542	0.0141652337672971	999
bv	uv	1	1301542	1303001	0.0306476066709984	997
bv	uv	1	1303001	1304469	0.0139762579049814	999
bv	uv	1	1304469	1305927	0.012348808779372	1003
bv	uv	1	1305927	1307349	0.0174106068305207	1000
bv	uv	1	1307349	1308738	0.0146935595519347	1000
bv	uv	1	1308738	1310048	0.0204355108877721	1001
bv	uv	1	1310048	1311380	0.0188753549875754	994
bv	uv	1	1311380	1312788	0.0169987234798907	999
bv	uv	1	1312788	1314138	0.0131605457637226	999
bv	uv	1	1314138	1315560	0.0193833183975571	1001
bv	uv	1	1315560	1316977	0.0134163693510023	999
bv	uv	1	1316977	1318400	0.0194956861623528	995
bv	uv	1	1318400	1319733	0.0141883638164723	995
bv	uv	1	1319733	1321137	0.022590024602997	996
bv	uv	1	1321137	1322448	0.0307641702157127	995
bv	uv	1	1322448	1323799	0.0186636654742286	1004
bv	uv	1	1323799	1325251	0.0155234100929777	1001
bv	uv	1	1325251	1326665	0.0159610557025578	999
bv	uv	1	1326665	1328081	0.0179098044553332	1000
bv	uv	1	1328081	1329542	0.0164132474742366	998
bv	uv	1	1329542	1330996	0.0242521126092572	997
bv	uv	1	1330996	1332399	0.0261575963174542	1000
bv	uv	1	1332399	1333891	0.028888943257842	992
bv	uv	1	1333891	1335399	0.0280577956989247	995
bv	uv	1	1335399	1336827	0.0157808357530614	994
bv	uv	1	1336827	1338264	0.0198946581645761	993
bv	uv	1	1338264	1339648	0.0196693602864903	994
bv	uv	1	1339648	1341050	0.0064189718109081	999
bv	uv	1	1341050	1342460	0.0203546296062753	994
bv	uv	1	1342460	1343882	0.0232019382106919	998
bv	uv	1	1343882	1345398	0.0195732081724662	1000
bv	uv	1	1345398	1346796	0.0217298633757486	995
bv	uv	1	1346796	1348119	0.0111041273831971	1001
bv	uv	1	1348119	1349425	0.0121607111643818	994
bv	uv	1	1349425	1350794	0.0110627150206735	1001
bv	uv	1	1350794	1352180	0.0128605319016106	1000
bv	uv	1	1352180	1353579	0.0176193319211696	1002
bv	uv	1	1353579	1354961	0.0140423207710062	995
bv	uv	1	1354961	1356371	0.0211910234813468	1000
bv	uv	1	1356371	1357836	0.0265787321230105	999
bv	uv	1	1357836	1359315	0.0181704105472587	992
bv	uv	1	1359315	1360703	0.0204527174537515	997
bv	uv	1	1360703	1361996	0.0143435193956191	994
bv	uv	1	1361996	1363414	0.0243719112313734	996
bv	uv	1	1363414	1364692	0.0197140940290034	1001
bv	uv	1	1364692	1366136	0.0216884931932294	1002
bv	uv	1	1366136	1367581	0.0229609759213131	997
bv	uv	1	1367581	1368940	0.0257277338573321	998
bv	uv	1	1368940	1370463	0.0198570905799194	1001
bv	uv	1	1370463	1371907	0.0090919648930698	998
bv	uv	1	1371907	1373350	0.0093759606517061	989
bv	uv	1	1373350	1374816	0.016999870733874	998
bv	uv	1	1374816	1376209	0.0186366438291066	999
bv	uv	1	1376209	1377684	0.022965282688487	995
bv	uv	1	1377684	1379072	0.0153632267560486	999
bv	uv	1	1379072	1380543	0.0168336935874762	998
bv	uv	1	1380543	1381992	0.0211194873421324	994
bv	uv	1	1381992	1383415	0.0175876440438172	999
bv	uv	1	1383415	1384833	0.0175609360425031	997
bv	uv	1	1384833	1386311	0.017580748788038	1001
bv	uv	1	1386311	1387719	0.0178848193744152	997
bv	uv	1	1387719	1389243	0.0221731002769931	998
bv	uv	1	1389243	1390678	0.0183593335455799	996
bv	uv	1	1390678	1392069	0.0144676068019304	1001
bv	uv	1	1392069	1393481	0.0167444056427914	998
bv	uv	1	1393481	1394863	0.0184545056550664	1001
bv	uv	1	1394863	1396322	0.0197974946705466	999
bv	uv	1	1396322	1397743	0.0178740434277061	1000
bv	uv	1	1397743	1399150	0.0234305960023601	1001
bv	uv	1	1399150	1400510	0.024211098277891	999
bv	uv	1	1400510	1401921	0.0183838828914836	1002
bv	uv	1	1401921	1403322	0.015659411840912	996
bv	uv	1	1403322	1404671	0.0199037673539267	999
bv	uv	1	1404671	1406117	0.0199525950821287	997
bv	uv	1	1406117	1407545	0.0179696962206787	998
bv	uv	1	1407545	1408926	0.014895179504233	1001
bv	uv	1	1408926	1410304	0.0226162778511391	998
bv	uv	1	1410304	1411801	0.0121265178412204	998
bv	uv	1	1411801	1413263	0.0182475959038689	996
bv	uv	1	1413263	1414624	0.0163567590593043	1003
bv	uv	1	1414624	1415958	0.0197988729242566	998
bv	uv	1	1415958	1417470	0.013877196168089	995
bv	uv	1	1417470	1418915	0.0288922501089547	999
bv	uv	1	1418915	1420301	0.0191132492523729	998
bv	uv	1	1420301	1421731	0.0217415381889066	998
bv	uv	1	1421731	1423194	0.0138352369326131	997
bv	uv	1	1423194	1424705	0.018862992100254	996
bv	uv	1	1424705	1426144	0.0240926856504745	995
bv	uv	1	1426144	1427599	0.0162236288782359	998
bv	uv	1	1427599	1429014	0.0183542774615119	1000
bv	uv	1	1429014	1430436	0.0163547215299157	1001
bv	uv	1	1430436	1431862	0.0100862401044	1000
bv	uv	1	1431862	1433322	0.0132840144240919	999
bv	uv	1	1433322	1434838	0.0179555743203621	998
bv	uv	1	1434838	1436327	0.0157820295443265	996
bv	uv	1	1436327	1437804	0.0138023404955675	995
bv	uv	1	1437804	1439348	0.0137961875081591	1002
bv	uv	1	1439348	1440696	0.0123922805487051	1002
bv	uv	1	1440696	1442195	0.0143058108138769	995
bv	uv	1	1442195	1443659	0.0168003054600992	997
bv	uv	1	1443659	1445249	0.0168163132213022	998
bv	uv	1	1445249	1446777	0.0111061652680921	998
bv	uv	1	1446777	1448365	0.0191291237267953	998
bv	uv	1	1448365	1449858	0.0207834725983343	994
bv	uv	1	1449858	1451432	0.0256263892132188	995
bv	uv	1	1451432	1452984	0.0231401221074847	997
bv	uv	1	1452984	1454487	0.0171027586010966	993
bv	uv	1	1454487	1455997	0.0110091743119266	996
bv	uv	1	1455997	1457567	0.0239497447978013	1000
bv	uv	1	1457567	1459045	0.0297578226901717	998
bv	uv	1	1459045	1460635	0.0210608424336973	999
bv	uv	1	1460635	1462116	0.0378789695385623	1001
bv	uv	1	1462116	1463559	0.0238626947007682	995
bv	uv	1	1463559	1465058	0.0227662680222284	998
bv	uv	1	1465058	1466544	0.0171440464111969	999
bv	uv	1	1466544	1468079	0.01964333215413	1003
bv	uv	1	1468079	1469574	0.0247446838745311	1003
bv	uv	1	1469574	1471096	0.0201797984736141	1001
bv	uv	1	1471096	1472632	0.0139041651390416	1001
bv	uv	1	1472632	1474277	0.0131963519923853	1000
bv	uv	1	1474277	1475788	0.0253037361834292	1001
bv	uv	1	1475788	1477358	0.0173263707859899	1000
bv	uv	1	1477358	1478870	0.0165467132771266	1000
bv	uv	1	1478870	1480408	0.0251081406316063	996
bv	uv	1	1480408	1481984	0.020226087416938	996
bv	uv	1	1481984	1483585	0.0260186164310239	1000
bv	uv	1	1483585	1485201	0.0248575260284862	994
bv	uv	1	1485201	1486746	0.0198452568032906	993
bv	uv	1	1486746	1488324	0.0196375895490939	999
bv	uv	1	1488324	1489927	0.0355341059566411	1001
bv	uv	1	1489927	1490636	0.0135636193798671	1001
bv	uv	1	1490636	1491357	0.0196871628910463	1001
bv	uv	1	1491357	1492043	0.0175640656492945	1001
bv	uv	1	1492043	1492672	0.0161720110867043	1001
bv	uv	1	1492672	1493298	0.0169211182831121	1000
bv	uv	1	1493298	1493939	0.0237868891001461	1002
bv	uv	1	1493939	1494629	0.0310380406285414	999
bv	uv	1	1494629	1495290	0.0230449347348966	1000
bv	uv	1	1495290	1495933	0.0189111216981631	1005
bv	uv	1	1495933	1496600	0.0232409355430061	1003
bv	uv	1	1496600	1497232	0.0154352195134129	1001
bv	uv	1	1497232	1497854	0.0147666161571144	991
bv	uv	1	1497854	1498499	0.012816105126442	997
bv	uv	1	1498499	1499165	0.0108685578788256	1002
bv	uv	1	1499165	1499817	0.0147043005650146	995
bv	uv	1	1499817	1499999	0.0177511094443402	299
