pop1	pop2	chromosome	window_pos_1	window_pos_2	avg_dxy	no_sites	count_diffs	count_comparisons	count_missing
bv	uv	1	1	2642	0.1426440453163857	3619	1290572	9047500	0
bv	uv	1	2642	5316	0.1432263453815261	3735	1337376	9337500	0
bv	uv	1	5316	8020	0.1463694537346711	3588	1312934	8970000	0
bv	uv	1	8020	10700	0.1473248758963044	3626	1335500	9065000	0
bv	uv	1	10700	13337	0.1472946973754686	3734	1374996	9335000	0
bv	uv	1	13337	16000	0.1460653524169592	3703	1352200	9257500	0
bv	uv	1	16000	18736	0.1400539570301876	3677	1287446	9192500	0
bv	uv	1	18736	21427	0.1464921317723931	3673	1345164	9182500	0
bv	uv	1	21427	24181	0.142450665941832	3679	1310190	9197500	0
bv	uv	1	24181	26860	0.1418697232317584	3577	1268670	8942500	0
bv	uv	1	26860	29562	0.1431823448275862	3625	1297590	9062500	0
bv	uv	1	29562	32230	0.1481903614457831	3652	1352978	9130000	0
bv	uv	1	32230	34940	0.1403290624140775	3637	1275942	9092500	0
bv	uv	1	34940	37626	0.141892804778713	3683	1306478	9207500	0
bv	uv	1	37626	40342	0.1485369565217391	3680	1366540	9200000	0
bv	uv	1	40342	43047	0.1416890329551593	3702	1311332	9255000	0
bv	uv	1	43047	45721	0.1392385489983757	3694	1285868	9235000	0
bv	uv	1	45721	48407	0.1481804691762138	3666	1358074	9165000	0
bv	uv	1	48407	51085	0.1456292473118279	3720	1354352	9300000	0
bv	uv	1	51085	53751	0.1405259114945727	3593	1262274	8982500	0
bv	uv	1	53751	56384	0.14665	3680	1349180	9200000	0
bv	uv	1	56384	59048	0.1429110810078569	3691	1318712	9227500	0
bv	uv	1	59048	61746	0.1405038649972781	3674	1290528	9185000	0
bv	uv	1	61746	64447	0.1423594660855352	3671	1306504	9177500	0
bv	uv	1	64447	67189	0.1387184946236559	3720	1290082	9300000	0
bv	uv	1	67189	69905	0.143095951192457	3606	1290010	9015000	0
bv	uv	1	69905	72583	0.1429831390620764	3689	1318662	9222500	0
bv	uv	1	72583	75317	0.1414062760344348	3601	1273010	9002500	0
bv	uv	1	75317	78035	0.1399103770988164	3633	1270736	9082500	0
bv	uv	1	78035	80709	0.1381165405405405	3700	1277578	9250000	0
bv	uv	1	80709	83380	0.1396478957371708	3683	1285808	9207500	0
bv	uv	1	83380	86059	0.1445008219178082	3650	1318570	9125000	0
bv	uv	1	86059	88811	0.1425691003554826	3657	1303438	9142500	0
bv	uv	1	88811	91499	0.1460881062042806	3691	1348028	9227500	0
bv	uv	1	91499	94201	0.1485382636655948	3732	1385862	9330000	0
bv	uv	1	94201	96836	0.1448559349593496	3690	1336296	9225000	0
bv	uv	1	96836	99494	0.1457821585903083	3632	1323702	9080000	0
bv	uv	1	99494	102206	0.1426546824542519	3716	1325262	9290000	0
bv	uv	1	102206	104899	0.1429113090418353	3705	1323716	9262500	0
bv	uv	1	104899	107627	0.1443855080359575	3671	1325098	9177500	0
bv	uv	1	107627	110327	0.1405135371179039	3664	1287104	9160000	0
bv	uv	1	110327	113008	0.1392755785461475	3673	1278898	9182500	0
bv	uv	1	113008	115674	0.1404800862301266	3711	1303304	9277500	0
bv	uv	1	115674	118373	0.1416283438615765	3641	1289172	9102500	0
bv	uv	1	118373	121052	0.1455517128874388	3678	1338348	9195000	0
bv	uv	1	121052	123732	0.1448754842280022	3614	1308950	9035000	0
bv	uv	1	123732	126401	0.14394603783932	3647	1312428	9117500	0
bv	uv	1	126401	129105	0.1436193775372124	3695	1326684	9237500	0
bv	uv	1	129105	131810	0.1389565498652291	3710	1288822	9275000	0
bv	uv	1	131810	134530	0.1383149311294765	3630	1255208	9075000	0
bv	uv	1	134530	137299	0.1405802985074626	3685	1295096	9212500	0
bv	uv	1	137299	140017	0.1414791130577607	3653	1292058	9132500	0
bv	uv	1	140017	142728	0.140614118954975	3598	1264824	8995000	0
bv	uv	1	142728	145382	0.1494754044420071	3647	1362842	9117500	0
bv	uv	1	145382	148029	0.1494013408420488	3729	1392794	9322500	0
bv	uv	1	148029	150668	0.1465423710504995	3703	1356616	9257500	0
bv	uv	1	150668	153314	0.1440118779213637	3637	1309428	9092500	0
bv	uv	1	153314	156046	0.1475985718209283	3641	1343516	9102500	0
bv	uv	1	156046	158762	0.1523723311546841	3672	1398778	9180000	0
bv	uv	1	158762	161438	0.1442372549019608	3672	1324098	9180000	0
bv	uv	1	161438	164116	0.1420705257567711	3766	1337594	9415000	0
bv	uv	1	164116	166841	0.1510257297297297	3700	1396988	9250000	0
bv	uv	1	166841	169502	0.142814487144042	3617	1291400	9042500	0
bv	uv	1	169502	172223	0.1396640087383943	3662	1278624	9155000	0
bv	uv	1	172223	174963	0.1419807242036482	3673	1303738	9182500	0
bv	uv	1	174963	177655	0.1384175135135135	3700	1280362	9250000	0
bv	uv	1	177655	180397	0.1423470475144191	3641	1295714	9102500	0
bv	uv	1	180397	183062	0.1383736017897091	3576	1237060	8940000	0
bv	uv	1	183062	185753	0.1380537796976242	3704	1278378	9260000	0
bv	uv	1	185753	188394	0.1450376651982378	3632	1316942	9080000	0
bv	uv	1	188394	191047	0.1411984749455337	3672	1296202	9180000	0
bv	uv	1	191047	193759	0.1440950801547816	3618	1303340	9045000	0
bv	uv	1	193759	196442	0.1432004375170905	3657	1309210	9142500	0
bv	uv	1	196442	199120	0.1417419246861924	3585	1270362	8962500	0
bv	uv	1	199120	201843	0.1508840834248079	3644	1374554	9110000	0
bv	uv	1	201843	204538	0.1458846506609118	3707	1351986	9267500	0
bv	uv	1	204538	207179	0.1433305682736332	3713	1330466	9282500	0
bv	uv	1	207179	209878	0.1426949079089924	3692	1317074	9230000	0
bv	uv	1	209878	212579	0.1423044481054365	3642	1295682	9105000	0
bv	uv	1	212579	215240	0.1487555796316359	3692	1373014	9230000	0
bv	uv	1	215240	217948	0.1425798738689333	3647	1299972	9117500	0
bv	uv	1	217948	220644	0.1385168959823885	3634	1258426	9085000	0
bv	uv	1	220644	223342	0.1375774896551724	3625	1246796	9062500	0
bv	uv	1	223342	225997	0.140056462585034	3528	1235298	8820000	0
bv	uv	1	225997	228685	0.1409400447427293	3576	1260004	8940000	0
bv	uv	1	228685	231359	0.145014151197202	3717	1347544	9292500	0
bv	uv	1	231359	234051	0.1377278170930865	3674	1265030	9185000	0
bv	uv	1	234051	236751	0.1419226373626373	3640	1291496	9100000	0
bv	uv	1	236751	239414	0.142093678641047	3591	1275646	8977500	0
bv	uv	1	239414	242141	0.1404804347826087	3680	1292420	9200000	0
bv	uv	1	242141	244880	0.1416888643271622	3619	1281930	9047500	0
bv	uv	1	244880	247586	0.1429885839736553	3644	1302626	9110000	0
bv	uv	1	247586	250249	0.1468291655115054	3607	1324032	9017500	0
bv	uv	1	250249	252923	0.13687950310559	3703	1267162	9257500	0
bv	uv	1	252923	255584	0.1419428879892038	3705	1314746	9262500	0
bv	uv	1	255584	258281	0.1403827235213205	3635	1275728	9087500	0
bv	uv	1	258281	260962	0.1390323913043478	3680	1279098	9200000	0
bv	uv	1	260962	263666	0.1324484914975315	3646	1207268	9115000	0
bv	uv	1	263666	266350	0.1460258381030253	3669	1339422	9172500	0
bv	uv	1	266350	269056	0.1410840289371174	3594	1267640	8985000	0
bv	uv	1	269056	271772	0.1454624897847997	3671	1334982	9177500	0
bv	uv	1	271772	274463	0.1398316810344827	3712	1297638	9280000	0
bv	uv	1	274463	277105	0.1416805578800558	3585	1269812	8962500	0
bv	uv	1	277105	279780	0.1417050615595075	3655	1294830	9137500	0
bv	uv	1	279780	282486	0.1447620747350808	3586	1297792	8965000	0
bv	uv	1	282486	285144	0.1395568034557235	3704	1292296	9260000	0
bv	uv	1	285144	287812	0.1391637149028077	3704	1288656	9260000	0
bv	uv	1	287812	290504	0.1388368322147651	3725	1292918	9312500	0
bv	uv	1	290504	293227	0.143535867768595	3630	1302588	9075000	0
bv	uv	1	293227	295904	0.1364815867059769	3731	1273032	9327500	0
bv	uv	1	295904	298602	0.143130986294007	3721	1331476	9302500	0
bv	uv	1	298602	301274	0.152238503850385	3636	1383848	9090000	0
bv	uv	1	301274	303910	0.1438552796725784	3665	1318074	9162500	0
bv	uv	1	303910	306573	0.1410768219178082	3650	1287326	9125000	0
bv	uv	1	306573	309232	0.1440588007736944	3619	1303372	9047500	0
bv	uv	1	309232	311895	0.1417686928456159	3718	1317740	9295000	0
bv	uv	1	311895	314589	0.1417219711407568	3673	1301362	9182500	0
bv	uv	1	314589	317301	0.1406352116473443	3709	1304040	9272500	0
bv	uv	1	317301	319955	0.1413777898452348	3683	1301736	9207500	0
bv	uv	1	319955	322677	0.1372611789697291	3766	1292314	9415000	0
bv	uv	1	322677	325373	0.1380953627932351	3666	1265644	9165000	0
bv	uv	1	325373	328117	0.1368778108913573	3691	1263040	9227500	0
bv	uv	1	328117	330750	0.1419558687991325	3689	1309188	9222500	0
bv	uv	1	330750	333437	0.1374586328019454	3701	1271836	9252500	0
bv	uv	1	333437	336098	0.1442787911788728	3673	1324840	9182500	0
bv	uv	1	336098	338795	0.1399890650628759	3658	1280200	9145000	0
bv	uv	1	338795	341526	0.142726446727961	3698	1319506	9245000	0
bv	uv	1	341526	344248	0.1438234019501625	3692	1327490	9230000	0
bv	uv	1	344248	346951	0.1441134442323425	3667	1321160	9167500	0
bv	uv	1	346951	349672	0.1464564450474898	3685	1349230	9212500	0
bv	uv	1	349672	352308	0.1453379978471474	3716	1350190	9290000	0
bv	uv	1	352308	354946	0.1528389212057112	3782	1445092	9455000	0
bv	uv	1	354946	357594	0.1471927750410509	3654	1344606	9135000	0
bv	uv	1	357594	360257	0.1458193548387096	3658	1333518	9145000	0
bv	uv	1	360257	362890	0.1445633617138149	3641	1315888	9102500	0
bv	uv	1	362890	365571	0.1451524870888828	3679	1335040	9197500	0
bv	uv	1	365571	368225	0.143070974748846	3683	1317326	9207500	0
bv	uv	1	368225	370921	0.1480030476190476	3675	1359778	9187500	0
bv	uv	1	370921	373588	0.1406629761578514	3649	1283198	9122500	0
bv	uv	1	373588	376266	0.1419271523178808	3624	1285860	9060000	0
bv	uv	1	376266	378936	0.1405473221642406	3641	1279332	9102500	0
bv	uv	1	378936	381611	0.1461048927982408	3638	1328824	9095000	0
bv	uv	1	381611	384244	0.1458303948080043	3698	1348202	9245000	0
bv	uv	1	384244	386958	0.1440699346405228	3672	1322562	9180000	0
bv	uv	1	386958	389629	0.1376619854721549	3717	1279224	9292500	0
bv	uv	1	389629	392306	0.146313240043057	3716	1359250	9290000	0
bv	uv	1	392306	394977	0.1472112737127371	3690	1358024	9225000	0
bv	uv	1	394977	397601	0.1411410469798657	3725	1314376	9312500	0
bv	uv	1	397601	400250	0.1450965498796469	3739	1356290	9347500	0
bv	uv	1	400250	402924	0.1427782526372734	3697	1319628	9242500	0
bv	uv	1	402924	405655	0.1434726368159204	3618	1297710	9045000	0
bv	uv	1	405655	408372	0.1408994082840236	3718	1309660	9295000	0
bv	uv	1	408372	411042	0.1409408140814081	3636	1281152	9090000	0
bv	uv	1	411042	413714	0.1497594820609657	3707	1387896	9267500	0
bv	uv	1	413714	416362	0.1458627155172414	3712	1353606	9280000	0
bv	uv	1	416362	419067	0.1479828099173553	3630	1342944	9075000	0
bv	uv	1	419067	421721	0.1502030669895076	3717	1395762	9292500	0
bv	uv	1	421721	424407	0.1445458106637649	3676	1328376	9190000	0
bv	uv	1	424407	427078	0.1399916488222698	3736	1307522	9340000	0
bv	uv	1	427078	429718	0.148950013568521	3685	1372202	9212500	0
bv	uv	1	429718	432434	0.1433494794520547	3650	1308064	9125000	0
bv	uv	1	432434	435119	0.1464789108085579	3599	1317944	8997500	0
bv	uv	1	435119	437786	0.142687267833109	3715	1325208	9287500	0
bv	uv	1	437786	440441	0.1479115511551155	3636	1344516	9090000	0
bv	uv	1	440441	443163	0.1417371554575523	3628	1285556	9070000	0
bv	uv	1	443163	445815	0.1374970382337103	3714	1276660	9285000	0
bv	uv	1	445815	448480	0.1382010672358591	3748	1294944	9370000	0
bv	uv	1	448480	451151	0.1401632296781233	3666	1284596	9165000	0
bv	uv	1	451151	453859	0.139503746877602	3603	1256580	9007500	0
bv	uv	1	453859	456561	0.1443819172113289	3672	1325426	9180000	0
bv	uv	1	456561	459249	0.1463219405832652	3669	1342138	9172500	0
bv	uv	1	459249	461895	0.1469891304347826	3680	1352300	9200000	0
bv	uv	1	461895	464607	0.1423624382207578	3642	1296210	9105000	0
bv	uv	1	464607	467267	0.1387846360461993	3723	1291738	9307500	0
bv	uv	1	467267	469927	0.1449487459105779	3668	1329180	9170000	0
bv	uv	1	469927	472586	0.1498801310043668	3664	1372902	9160000	0
bv	uv	1	472586	475247	0.1488932355338223	3681	1370190	9202500	0
bv	uv	1	475247	477977	0.142637496538355	3611	1287660	9027500	0
bv	uv	1	477977	480666	0.146279302832244	3672	1342844	9180000	0
bv	uv	1	480666	483367	0.1397503841931943	3644	1273126	9110000	0
bv	uv	1	483367	486056	0.1459945975148568	3702	1351180	9255000	0
bv	uv	1	486056	488713	0.1424607152607152	3663	1304584	9157500	0
bv	uv	1	488713	491408	0.1358397336293007	3604	1223916	9010000	0
bv	uv	1	491408	494110	0.1370928004379961	3653	1252000	9132500	0
bv	uv	1	494110	496845	0.1426692077320991	3673	1310060	9182500	0
bv	uv	1	496845	499629	0.1449657334826427	3572	1294544	8930000	0
bv	uv	1	499629	502310	0.1381095458254011	3677	1269572	9192500	0
bv	uv	1	502310	505054	0.1415346153846154	3744	1324764	9360000	0
bv	uv	1	505054	507797	0.1420589300411522	3645	1294512	9112500	0
bv	uv	1	507797	510487	0.1443480298189563	3756	1355428	9390000	0
bv	uv	1	510487	513167	0.1497008255365988	3634	1360032	9085000	0
bv	uv	1	513167	515767	0.1510669174952969	3721	1405300	9302500	0
bv	uv	1	515767	518476	0.1524046373685629	3709	1413172	9272500	0
bv	uv	1	518476	521172	0.1493767906718489	3602	1345138	9005000	0
bv	uv	1	521172	523888	0.1484886319845857	3633	1348648	9082500	0
bv	uv	1	523888	526530	0.1403953616786306	3622	1271280	9055000	0
bv	uv	1	526530	529273	0.1412340333871836	3714	1311358	9285000	0
bv	uv	1	529273	531940	0.1421726787620064	3748	1332158	9370000	0
bv	uv	1	531940	534675	0.1458553145336225	3688	1344786	9220000	0
bv	uv	1	534675	537282	0.1496041114417095	3697	1382716	9242500	0
bv	uv	1	537282	540003	0.1433265849760255	3754	1345120	9385000	0
bv	uv	1	540003	542691	0.1421188533627342	3628	1289018	9070000	0
bv	uv	1	542691	545397	0.1391197389885807	3678	1279206	9195000	0
bv	uv	1	545397	548087	0.1383022493751735	3601	1245066	9002500	0
bv	uv	1	548087	550835	0.1374376684080286	3637	1249652	9092500	0
bv	uv	1	550835	553533	0.136593896068188	3637	1241980	9092500	0
bv	uv	1	553533	556283	0.1412359501894964	3694	1304314	9235000	0
bv	uv	1	556283	559003	0.1369326321616385	3613	1236844	9032500	0
bv	uv	1	559003	561738	0.1334249040043883	3646	1216168	9115000	0
bv	uv	1	561738	564451	0.1351919103580213	3659	1236668	9147500	0
bv	uv	1	564451	567178	0.1406762281197063	3542	1245688	8855000	0
bv	uv	1	567178	569874	0.1357635478637101	3698	1255134	9245000	0
bv	uv	1	569874	572588	0.1387073730202075	3662	1269866	9155000	0
bv	uv	1	572588	575284	0.140389224848818	3638	1276840	9095000	0
bv	uv	1	575284	577985	0.1425948016415868	3655	1302960	9137500	0
bv	uv	1	577985	580638	0.1462153335178522	3613	1320690	9032500	0
bv	uv	1	580638	583372	0.1430559059326563	3742	1338288	9355000	0
bv	uv	1	583372	586087	0.1441571696596086	3731	1344626	9327500	0
bv	uv	1	586087	588789	0.1412	3724	1314572	9310000	0
bv	uv	1	588789	591496	0.1481118819994537	3661	1355594	9152500	0
bv	uv	1	591496	594202	0.1466958276520316	3667	1344834	9167500	0
bv	uv	1	594202	596874	0.142137448332874	3629	1289542	9072500	0
bv	uv	1	596874	599653	0.1469912105688865	3709	1362976	9272500	0
bv	uv	1	599653	602370	0.1424315876062517	3647	1298620	9117500	0
bv	uv	1	602370	605063	0.1393094850948509	3690	1285130	9225000	0
bv	uv	1	605063	607729	0.1372065466448445	3666	1257498	9165000	0
bv	uv	1	607729	610463	0.1449150907613113	3691	1337204	9227500	0
bv	uv	1	610463	613223	0.1478095973524545	3626	1339894	9065000	0
bv	uv	1	613223	615907	0.1450143762049022	3631	1316368	9077500	0
bv	uv	1	615907	618585	0.146127659574468	3713	1356430	9282500	0
bv	uv	1	618585	621259	0.148438335158817	3652	1355242	9130000	0
bv	uv	1	621259	623964	0.1464244695508404	3629	1328436	9072500	0
bv	uv	1	623964	626628	0.1445323160762942	3670	1326084	9175000	0
bv	uv	1	626628	629328	0.1437827670562652	3679	1322442	9197500	0
bv	uv	1	629328	632006	0.1458914694551458	3634	1325424	9085000	0
bv	uv	1	632006	634696	0.1465376344086021	3627	1328730	9067500	0
bv	uv	1	634696	637444	0.1409360394953373	3646	1284632	9115000	0
bv	uv	1	637444	640156	0.1407160641478662	3679	1294236	9197500	0
bv	uv	1	640156	642853	0.1396888888888889	3636	1269772	9090000	0
bv	uv	1	642853	645517	0.1417600882028666	3628	1285764	9070000	0
bv	uv	1	645517	648247	0.1460921743839696	3693	1348796	9232500	0
bv	uv	1	648247	650950	0.1422894765245548	3706	1318312	9265000	0
bv	uv	1	650950	653702	0.1481689413086211	3561	1319074	8902500	0
bv	uv	1	653702	656390	0.1414967457253171	3626	1282668	9065000	0
bv	uv	1	656390	659082	0.1330253150684931	3650	1213856	9125000	0
bv	uv	1	659082	661824	0.1420675152185943	3614	1283580	9035000	0
bv	uv	1	661824	664474	0.1399194135215856	3683	1288308	9207500	0
bv	uv	1	664474	667161	0.1384273597811217	3655	1264880	9137500	0
bv	uv	1	667161	669854	0.1408359967275702	3667	1291114	9167500	0
bv	uv	1	669854	672563	0.1402715899696886	3629	1272614	9072500	0
bv	uv	1	672563	675236	0.1327694156198798	3662	1215504	9155000	0
bv	uv	1	675236	677868	0.1402471797721589	3599	1261874	8997500	0
bv	uv	1	677868	680555	0.1432132726786192	3737	1337970	9342500	0
bv	uv	1	680555	683271	0.1367180629000835	3593	1228070	8982500	0
bv	uv	1	683271	685968	0.1402471598780825	3609	1265380	9022500	0
bv	uv	1	685968	688650	0.1419694681730504	3629	1288018	9072500	0
bv	uv	1	688650	691284	0.1402800875273523	3656	1282160	9140000	0
bv	uv	1	691284	693954	0.1441899045020463	3665	1321140	9162500	0
bv	uv	1	693954	696606	0.1370081463009143	3609	1236156	9022500	0
bv	uv	1	696606	699298	0.1420380535811919	3658	1298938	9145000	0
bv	uv	1	699298	701975	0.1384778332895082	3803	1316578	9507500	0
bv	uv	1	701975	704676	0.1405212489638021	3619	1271366	9047500	0
bv	uv	1	704676	707334	0.1462940919037199	3656	1337128	9140000	0
bv	uv	1	707334	710046	0.1433025191675794	3652	1308352	9130000	0
bv	uv	1	710046	712745	0.1419319079837618	3695	1311096	9237500	0
bv	uv	1	712745	715449	0.1466787812840043	3676	1347978	9190000	0
bv	uv	1	715449	718130	0.1441163052208835	3735	1345686	9337500	0
bv	uv	1	718130	720810	0.144410799018271	3667	1323886	9167500	0
bv	uv	1	720810	723514	0.1392750135501355	3690	1284812	9225000	0
bv	uv	1	723514	726212	0.1400170027247956	3670	1284656	9175000	0
bv	uv	1	726212	728962	0.1396351982007309	3557	1241706	8892500	0
bv	uv	1	728962	731667	0.1343257799671592	3654	1227066	9135000	0
bv	uv	1	731667	734378	0.1365018201002374	3791	1293696	9477500	0
bv	uv	1	734378	737066	0.1413258205689277	3656	1291718	9140000	0
bv	uv	1	737066	739679	0.1428076179961358	3623	1293480	9057500	0
bv	uv	1	739679	742376	0.1375175006911805	3617	1243502	9042500	0
bv	uv	1	742376	745067	0.1408680944535969	3642	1282604	9105000	0
bv	uv	1	745067	747795	0.1413604082728982	3723	1315712	9307500	0
bv	uv	1	747795	750461	0.1444889975550122	3681	1329660	9202500	0
bv	uv	1	750461	753184	0.1420187483066919	3691	1310478	9227500	0
bv	uv	1	753184	755885	0.1439374592833876	3684	1325664	9210000	0
bv	uv	1	755885	758602	0.1451644711669855	3659	1327892	9147500	0
bv	uv	1	758602	761313	0.1490238421485338	3649	1359470	9122500	0
bv	uv	1	761313	764048	0.1449503939146971	3681	1333906	9202500	0
bv	uv	1	764048	766788	0.1420958605664488	3672	1304440	9180000	0
bv	uv	1	766788	769489	0.1448490545650999	3702	1340578	9255000	0
bv	uv	1	769489	772196	0.1440019889502762	3620	1303218	9050000	0
bv	uv	1	772196	774885	0.1419714207500684	3653	1296554	9132500	0
bv	uv	1	774885	777538	0.1438986099754701	3669	1319910	9172500	0
bv	uv	1	777538	780256	0.1437652244020424	3721	1337376	9302500	0
bv	uv	1	780256	782969	0.1446740556934105	3627	1311832	9067500	0
bv	uv	1	782969	785724	0.1479140022050716	3628	1341580	9070000	0
bv	uv	1	785724	788476	0.1445669048927982	3638	1314836	9095000	0
bv	uv	1	788476	791184	0.1465037884982284	3669	1343806	9172500	0
bv	uv	1	791184	793908	0.1428748720711015	3713	1326236	9282500	0
bv	uv	1	793908	796625	0.1439603938730853	3656	1315798	9140000	0
bv	uv	1	796625	799290	0.1377381718963165	3665	1262026	9162500	0
bv	uv	1	799290	801947	0.1392371224601867	3642	1267754	9105000	0
bv	uv	1	801947	804682	0.1367807228915662	3652	1248808	9130000	0
bv	uv	1	804682	807403	0.136289961175818	3606	1228654	9015000	0
bv	uv	1	807403	810046	0.1422941431670282	3688	1311952	9220000	0
bv	uv	1	810046	812730	0.1396124695039306	3689	1287576	9222500	0
bv	uv	1	812730	815387	0.1361428415895481	3674	1250472	9185000	0
bv	uv	1	815387	818005	0.1454350177547118	3661	1331094	9152500	0
bv	uv	1	818005	820713	0.1398619497704563	3703	1294772	9257500	0
bv	uv	1	820713	823420	0.1493756705499864	3691	1378364	9227500	0
bv	uv	1	823420	826062	0.145382143856703	3573	1298626	8932500	0
bv	uv	1	826062	828783	0.1433487207403375	3674	1316658	9185000	0
bv	uv	1	828783	831537	0.142788799556418	3607	1287598	9017500	0
bv	uv	1	831537	834198	0.1485411952191235	3765	1398144	9412500	0
bv	uv	1	834198	836811	0.1478877465962767	3599	1330620	8997500	0
bv	uv	1	836811	839431	0.1451276414087513	3748	1359846	9370000	0
bv	uv	1	839431	842117	0.1454773260572987	3665	1332936	9162500	0
bv	uv	1	842117	844819	0.1391329172320217	3685	1281762	9212500	0
bv	uv	1	844819	847521	0.1367121978327313	3599	1230068	8997500	0
bv	uv	1	847521	850225	0.1433711123408965	3614	1295358	9035000	0
bv	uv	1	850225	852875	0.1398221729490022	3608	1261196	9020000	0
bv	uv	1	852875	855620	0.1349413252680781	3637	1226954	9092500	0
bv	uv	1	855620	858358	0.141428384279476	3664	1295484	9160000	0
bv	uv	1	858358	861063	0.1404951757972199	3669	1288692	9172500	0
bv	uv	1	861063	863779	0.1325679306608884	3692	1223602	9230000	0
bv	uv	1	863779	866478	0.1379834710743801	3630	1252200	9075000	0
bv	uv	1	866478	869133	0.1377696510684338	3697	1273336	9242500	0
bv	uv	1	869133	871829	0.1413243494932895	3651	1289938	9127500	0
bv	uv	1	871829	874469	0.1433009264305177	3670	1314786	9175000	0
bv	uv	1	874469	877197	0.1369977747625508	3685	1262092	9212500	0
bv	uv	1	877197	879873	0.1438420467185762	3596	1293140	8990000	0
bv	uv	1	879873	882546	0.1432694984927377	3649	1306976	9122500	0
bv	uv	1	882546	885183	0.1456366312346688	3669	1335852	9172500	0
bv	uv	1	885183	887874	0.1429506063947078	3628	1296562	9070000	0
bv	uv	1	887874	890589	0.1412202835332606	3668	1294990	9170000	0
bv	uv	1	890589	893279	0.1438733052039381	3555	1278674	8887500	0
bv	uv	1	893279	895989	0.1403852093529091	3678	1290842	9195000	0
bv	uv	1	895989	898648	0.1477311385459533	3645	1346200	9112500	0
bv	uv	1	898648	901295	0.1427350335570469	3725	1329220	9312500	0
bv	uv	1	901295	904002	0.1486633933442444	3666	1362500	9165000	0
bv	uv	1	904002	906669	0.1416387558491604	3633	1286434	9082500	0
bv	uv	1	906669	909371	0.1444830352303523	3690	1332856	9225000	0
bv	uv	1	909371	912036	0.1460777446462456	3689	1347202	9222500	0
bv	uv	1	912036	914686	0.1423574119574119	3663	1303638	9157500	0
bv	uv	1	914686	917335	0.1438175895765472	3684	1324560	9210000	0
bv	uv	1	917335	920007	0.1473232959211607	3653	1345430	9132500	0
bv	uv	1	920007	922700	0.1405851912123678	3687	1295844	9217500	0
bv	uv	1	922700	925377	0.1454004329004329	3696	1343500	9240000	0
bv	uv	1	925377	928040	0.1430378708067646	3607	1289844	9017500	0
bv	uv	1	928040	930679	0.144279902886431	3707	1337114	9267500	0
bv	uv	1	930679	933324	0.1428627644957406	3639	1299694	9097500	0
bv	uv	1	933324	936013	0.1443925885558583	3670	1324802	9175000	0
bv	uv	1	936013	938694	0.1549460631001371	3645	1411946	9112500	0
bv	uv	1	938694	941373	0.1503189956331877	3664	1376922	9160000	0
bv	uv	1	941373	944058	0.1456367591082109	3678	1339130	9195000	0
bv	uv	1	944058	946786	0.1498027049406569	3623	1356838	9057500	0
bv	uv	1	946786	949492	0.1385019775521111	3742	1295686	9355000	0
bv	uv	1	949492	952149	0.139034301369863	3650	1268688	9125000	0
bv	uv	1	952149	954874	0.1413582154515778	3676	1299082	9190000	0
bv	uv	1	954874	957603	0.1370938285090114	3662	1255094	9155000	0
bv	uv	1	957603	960365	0.1393738452977184	3594	1252274	8985000	0
bv	uv	1	960365	963045	0.134509829763866	3642	1224712	9105000	0
bv	uv	1	963045	965730	0.1413561169457848	3523	1244994	8807500	0
bv	uv	1	965730	968440	0.1387005187005187	3663	1270150	9157500	0
bv	uv	1	968440	971110	0.1416936075597554	3598	1274534	8995000	0
bv	uv	1	971110	973733	0.1332593322386425	3654	1217324	9135000	0
bv	uv	1	973733	976452	0.1404249452954048	3656	1283484	9140000	0
bv	uv	1	976452	979113	0.1449567463588898	3639	1318744	9097500	0
bv	uv	1	979113	981821	0.14743243975088	3693	1361170	9232500	0
bv	uv	1	981821	984449	0.1490992202204893	3719	1386250	9297500	0
bv	uv	1	984449	987135	0.1446722283205269	3644	1317964	9110000	0
bv	uv	1	987135	989791	0.1502741671217913	3662	1375760	9155000	0
bv	uv	1	989791	992469	0.1471535161553081	3683	1354916	9207500	0
bv	uv	1	992469	995133	0.1451045663334234	3701	1342580	9252500	0
bv	uv	1	995133	997787	0.1476330541596873	3582	1322054	8955000	0
bv	uv	1	997787	1000535	0.1471615281859471	3743	1377064	9357500	0
bv	uv	1	1000535	1003209	0.1467676200755531	3706	1359802	9265000	0
bv	uv	1	1003209	1005869	0.1440235752015568	3597	1295132	8992500	0
bv	uv	1	1005869	1008617	0.1446239142091152	3730	1348618	9325000	0
bv	uv	1	1008617	1011378	0.1390519988971602	3627	1260854	9067500	0
bv	uv	1	1011378	1014068	0.1423753544165757	3668	1305582	9170000	0
bv	uv	1	1014068	1016756	0.1484435555555555	3600	1335992	9000000	0
bv	uv	1	1016756	1019425	0.1462876964769647	3690	1349504	9225000	0
bv	uv	1	1019425	1022111	0.1506603088593877	3691	1390218	9227500	0
bv	uv	1	1022111	1024879	0.1399357298474945	3672	1284610	9180000	0
bv	uv	1	1024879	1027580	0.145856340332697	3667	1337138	9167500	0
bv	uv	1	1027580	1030280	0.14039296	3750	1316184	9375000	0
bv	uv	1	1030280	1032961	0.1443960655737705	3660	1321224	9150000	0
bv	uv	1	1032961	1035638	0.1539162995594713	3632	1397560	9080000	0
bv	uv	1	1035638	1038314	0.1438466173651054	3651	1312960	9127500	0
bv	uv	1	1038314	1041041	0.1421312070387682	3637	1292328	9092500	0
bv	uv	1	1041041	1043719	0.1450186956521739	3680	1334172	9200000	0
bv	uv	1	1043719	1046443	0.1448013132694938	3655	1323122	9137500	0
bv	uv	1	1046443	1049153	0.1474931331665276	3597	1326332	8992500	0
bv	uv	1	1049153	1051749	0.1445995604395604	3640	1315856	9100000	0
bv	uv	1	1051749	1054445	0.1430019396551724	3712	1327058	9280000	0
bv	uv	1	1054445	1057066	0.1394445233542748	3661	1276266	9152500	0
bv	uv	1	1057066	1059787	0.1431483729833196	3657	1308734	9142500	0
bv	uv	1	1059787	1062449	0.148878860898138	3652	1359264	9130000	0
bv	uv	1	1062449	1065150	0.1405997755331088	3564	1252744	8910000	0
bv	uv	1	1065150	1067783	0.1380654625068418	3654	1261228	9135000	0
bv	uv	1	1067783	1070475	0.1447759890859481	3665	1326510	9162500	0
bv	uv	1	1070475	1073161	0.1424612992781788	3602	1282864	9005000	0
bv	uv	1	1073161	1075819	0.1487869102808835	3667	1364004	9167500	0
bv	uv	1	1075819	1078498	0.1439344510546241	3698	1330674	9245000	0
bv	uv	1	1078498	1081197	0.1456741608950452	3754	1367152	9385000	0
bv	uv	1	1081197	1083930	0.1501530595594234	3677	1380282	9192500	0
bv	uv	1	1083930	1086621	0.1480315874294923	3723	1377804	9307500	0
bv	uv	1	1086621	1089272	0.1501523704520397	3628	1361882	9070000	0
bv	uv	1	1089272	1091968	0.1446116621253406	3670	1326812	9175000	0
bv	uv	1	1091968	1094711	0.1461757906215921	3668	1340432	9170000	0
bv	uv	1	1094711	1097391	0.1430738562091503	3672	1313418	9180000	0
bv	uv	1	1097391	1100034	0.1444841014453231	3667	1324558	9167500	0
bv	uv	1	1100034	1102719	0.1432679022293849	3723	1333466	9307500	0
bv	uv	1	1102719	1105442	0.1457438548254055	3637	1325176	9092500	0
bv	uv	1	1105442	1108088	0.1483184466019417	3605	1336720	9012500	0
bv	uv	1	1108088	1110853	0.1461939923539049	3662	1338406	9155000	0
bv	uv	1	1110853	1113569	0.1507535781291878	3731	1406154	9327500	0
bv	uv	1	1113569	1116244	0.1479562652232747	3695	1366746	9237500	0
bv	uv	1	1116244	1118901	0.1375648759203708	3667	1261126	9167500	0
bv	uv	1	1118901	1121608	0.1403550684931507	3650	1280740	9125000	0
bv	uv	1	1121608	1124285	0.1523374965912189	3667	1396554	9167500	0
bv	uv	1	1124285	1126972	0.138435710397387	3674	1271532	9185000	0
bv	uv	1	1126972	1129731	0.1438802706359946	3695	1329094	9237500	0
bv	uv	1	1129731	1132425	0.1364173538129884	3711	1265612	9277500	0
bv	uv	1	1132425	1135113	0.1442028017241379	3712	1338202	9280000	0
bv	uv	1	1135113	1137756	0.1443279475982532	3664	1322044	9160000	0
bv	uv	1	1137756	1140411	0.1490711900915455	3714	1384126	9285000	0
bv	uv	1	1140411	1143095	0.1435957107506186	3637	1305644	9092500	0
bv	uv	1	1143095	1145818	0.1388972511342407	3747	1301120	9367500	0
bv	uv	1	1145818	1148512	0.1489547967479674	3690	1374108	9225000	0
bv	uv	1	1148512	1151230	0.142799562602515	3658	1305902	9145000	0
bv	uv	1	1151230	1153930	0.1439044450504499	3667	1319244	9167500	0
bv	uv	1	1153930	1156617	0.1378215113072255	3626	1249352	9065000	0
bv	uv	1	1156617	1159283	0.1457117951511849	3671	1337270	9177500	0
bv	uv	1	1159283	1161986	0.1509724250681199	3670	1385172	9175000	0
bv	uv	1	1161986	1164709	0.1461138522056757	3559	1300048	8897500	0
bv	uv	1	1164709	1167467	0.1442395342389797	3607	1300680	9017500	0
bv	uv	1	1167467	1170122	0.1493548351343862	3609	1347554	9022500	0
bv	uv	1	1170122	1172824	0.1498459161147902	3624	1357604	9060000	0
bv	uv	1	1172824	1175525	0.1484490438695163	3556	1319712	8890000	0
bv	uv	1	1175525	1178200	0.1469536416505123	3611	1326624	9027500	0
bv	uv	1	1178200	1180883	0.1500076858813701	3591	1346694	8977500	0
bv	uv	1	1180883	1183613	0.1475929164360819	3614	1333502	9035000	0
bv	uv	1	1183613	1186309	0.1485617352614015	3596	1335570	8990000	0
bv	uv	1	1186309	1188984	0.1490799218095504	3581	1334638	8952500	0
bv	uv	1	1188984	1191640	0.1453901853871319	3668	1333228	9170000	0
bv	uv	1	1191640	1194383	0.1527099029126213	3605	1376298	9012500	0
bv	uv	1	1194383	1197079	0.1418972497249725	3636	1289846	9090000	0
bv	uv	1	1197079	1199754	0.1432534496863921	3667	1313276	9167500	0
bv	uv	1	1199754	1202485	0.1480249112264408	3661	1354798	9152500	0
bv	uv	1	1202485	1205197	0.1399045467070818	3629	1269284	9072500	0
bv	uv	1	1205197	1207895	0.1405953846153846	3640	1279418	9100000	0
bv	uv	1	1207895	1210641	0.1423510204081632	3577	1272974	8942500	0
bv	uv	1	1210641	1213354	0.1411823594266813	3628	1280524	9070000	0
bv	uv	1	1213354	1216044	0.1447250410958904	3650	1320616	9125000	0
bv	uv	1	1216044	1218747	0.1413785087719298	3648	1289372	9120000	0
bv	uv	1	1218747	1221461	0.1428806167400881	3632	1297356	9080000	0
bv	uv	1	1221461	1224198	0.1487411255411255	3696	1374368	9240000	0
bv	uv	1	1224198	1226948	0.148262541436464	3620	1341776	9050000	0
bv	uv	1	1226948	1229658	0.1478174154187465	3606	1332574	9015000	0
bv	uv	1	1229658	1232381	0.1384853420195439	3684	1275450	9210000	0
bv	uv	1	1232381	1235032	0.1472863697705803	3705	1364240	9262500	0
bv	uv	1	1235032	1237750	0.1485858372674257	3601	1337644	9002500	0
bv	uv	1	1237750	1240470	0.1455181273816004	3674	1336584	9185000	0
bv	uv	1	1240470	1243181	0.1470860553445469	3686	1355398	9215000	0
bv	uv	1	1243181	1245849	0.1424892473118279	3720	1325150	9300000	0
bv	uv	1	1245849	1248570	0.1429567597153804	3654	1305910	9135000	0
bv	uv	1	1248570	1251186	0.1407636363636363	3630	1277430	9075000	0
bv	uv	1	1251186	1253935	0.1426389751976015	3669	1308356	9172500	0
bv	uv	1	1253935	1256655	0.1401740863787375	3612	1265772	9030000	0
bv	uv	1	1256655	1259360	0.1465582056892779	3656	1339542	9140000	0
bv	uv	1	1259360	1262085	0.1391779106177056	3513	1222330	8782500	0
bv	uv	1	1262085	1264827	0.1415011186903138	3665	1296504	9162500	0
bv	uv	1	1264827	1267606	0.1468402579198205	3567	1309448	8917500	0
bv	uv	1	1267606	1270318	0.1478088437242515	3641	1345430	9102500	0
bv	uv	1	1270318	1272981	0.1443525535420098	3642	1314330	9105000	0
bv	uv	1	1272981	1275729	0.145656082924168	3666	1334938	9165000	0
bv	uv	1	1275729	1278374	0.1452856906534325	3627	1317378	9067500	0
bv	uv	1	1278374	1281066	0.1503125208681135	3594	1350558	8985000	0
bv	uv	1	1281066	1283783	0.1461970507919169	3662	1338434	9155000	0
bv	uv	1	1283783	1286485	0.1440765314685314	3575	1287684	8937500	0
bv	uv	1	1286485	1289195	0.1455073496659242	3592	1306656	8980000	0
bv	uv	1	1289195	1291861	0.1480697524219591	3716	1375568	9290000	0
bv	uv	1	1291861	1294567	0.1437660545353366	3594	1291738	8985000	0
bv	uv	1	1294567	1297294	0.1487196120689655	3712	1380118	9280000	0
bv	uv	1	1297294	1300023	0.1513337777777778	3600	1362004	9000000	0
bv	uv	1	1300023	1302725	0.1463240940525587	3615	1322404	9037500	0
bv	uv	1	1302725	1305455	0.1441264093307414	3601	1297498	9002500	0
bv	uv	1	1305455	1308142	0.1477985330073349	3681	1360116	9202500	0
bv	uv	1	1308142	1310905	0.1371905843256715	3611	1238488	9027500	0
bv	uv	1	1310905	1313587	0.1477242134062927	3655	1349830	9137500	0
bv	uv	1	1313587	1316315	0.1516267968538107	3687	1397620	9217500	0
bv	uv	1	1316315	1319058	0.148767264573991	3568	1327004	8920000	0
bv	uv	1	1319058	1321763	0.1495498481082574	3621	1353800	9052500	0
bv	uv	1	1321763	1324399	0.1503595102040816	3675	1381428	9187500	0
bv	uv	1	1324399	1327080	0.1536757939685081	3747	1439558	9367500	0
bv	uv	1	1327080	1329776	0.1497084819016747	3702	1385552	9255000	0
bv	uv	1	1329776	1332508	0.1488620784206197	3647	1357250	9117500	0
bv	uv	1	1332508	1335194	0.1418654857459175	3613	1281400	9032500	0
bv	uv	1	1335194	1337922	0.1464514116698037	3719	1361632	9297500	0
bv	uv	1	1337922	1340666	0.1463572502685284	3724	1362586	9310000	0
bv	uv	1	1340666	1343364	0.1401205020920502	3585	1255830	8962500	0
bv	uv	1	1343364	1346103	0.146133185226326	3601	1315564	9002500	0
bv	uv	1	1346103	1348774	0.1393907270233196	3645	1270198	9112500	0
bv	uv	1	1348774	1351484	0.1481572573956317	3617	1339712	9042500	0
bv	uv	1	1351484	1354216	0.1466078911564625	3675	1346960	9187500	0
bv	uv	1	1354216	1356901	0.1491878721058434	3628	1353134	9070000	0
bv	uv	1	1356901	1359586	0.1517091503267973	3672	1392690	9180000	0
bv	uv	1	1359586	1362297	0.1437514136700521	3643	1309216	9107500	0
bv	uv	1	1362297	1364968	0.1417626178591237	3606	1277990	9015000	0
bv	uv	1	1364968	1367642	0.1431787375415282	3612	1292904	9030000	0
bv	uv	1	1367642	1370346	0.1419106314085267	3706	1314802	9265000	0
bv	uv	1	1370346	1373024	0.1398379830090435	3649	1275672	9122500	0
bv	uv	1	1373024	1375735	0.1452757814623539	3679	1336174	9197500	0
bv	uv	1	1375735	1378471	0.1473707250341997	3655	1346600	9137500	0
bv	uv	1	1378471	1381179	0.1405850249584026	3606	1267374	9015000	0
bv	uv	1	1381179	1383922	0.1414960811181145	3649	1290798	9122500	0
bv	uv	1	1383922	1386637	0.1463502262443438	3536	1293736	8840000	0
bv	uv	1	1386637	1389381	0.1436116868798236	3628	1302558	9070000	0
bv	uv	1	1389381	1392115	0.1470248733821046	3554	1306316	8885000	0
bv	uv	1	1392115	1394818	0.1418620239390642	3676	1303712	9190000	0
bv	uv	1	1394818	1397516	0.1418835582484164	3631	1287948	9077500	0
bv	uv	1	1397516	1400243	0.1443274622770919	3645	1315184	9112500	0
bv	uv	1	1400243	1402865	0.1506914677640603	3645	1373176	9112500	0
bv	uv	1	1402865	1405582	0.1398546659304251	3622	1266384	9055000	0
bv	uv	1	1405582	1408294	0.1478153172866521	3656	1351032	9140000	0
bv	uv	1	1408294	1411035	0.1446010593810984	3587	1296710	8967500	0
bv	uv	1	1411035	1413700	0.1462090294674236	3699	1352068	9247500	0
bv	uv	1	1413700	1416408	0.1455542102366538	3634	1322360	9085000	0
bv	uv	1	1416408	1419133	0.154404845814978	3632	1401996	9080000	0
bv	uv	1	1419133	1421822	0.1461911733046286	3716	1358116	9290000	0
bv	uv	1	1421822	1424521	0.1472757111597374	3656	1346100	9140000	0
bv	uv	1	1424521	1427159	0.1490058981233244	3730	1389480	9325000	0
bv	uv	1	1427159	1429865	0.1430994717820405	3597	1286822	8992500	0
bv	uv	1	1429865	1432558	0.1466762082777036	3745	1373256	9362500	0
bv	uv	1	1432558	1435260	0.1434854936569222	3626	1300696	9065000	0
bv	uv	1	1435260	1437906	0.147019827825604	3601	1323546	9002500	0
bv	uv	1	1437906	1440638	0.1558831760133259	3602	1403728	9005000	0
bv	uv	1	1440638	1443381	0.1517433049216387	3637	1379726	9092500	0
bv	uv	1	1443381	1446086	0.1473223095689889	3689	1358680	9222500	0
bv	uv	1	1446086	1448803	0.1489962141698215	3698	1377470	9245000	0
bv	uv	1	1448803	1451473	0.1495026030368763	3688	1378414	9220000	0
bv	uv	1	1451473	1454148	0.1491788424259208	3611	1346712	9027500	0
bv	uv	1	1454148	1456800	0.1472065131948343	3562	1310874	8905000	0
bv	uv	1	1456800	1459498	0.1429885729759003	3693	1320142	9232500	0
bv	uv	1	1459498	1462169	0.1449529773553257	3577	1296242	8942500	0
bv	uv	1	1462169	1464816	0.1514427871529668	3674	1391002	9185000	0
bv	uv	1	1464816	1467546	0.1410583837273227	3638	1282926	9095000	0
bv	uv	1	1467546	1470258	0.1417475020701076	3623	1283878	9057500	0
bv	uv	1	1470258	1472957	0.1401311839911061	3598	1260480	8995000	0
bv	uv	1	1472957	1475645	0.1453913043478261	3588	1304160	8970000	0
bv	uv	1	1475645	1478305	0.1417585173071681	3669	1300280	9172500	0
bv	uv	1	1478305	1480991	0.1466247681396617	3666	1343816	9165000	0
bv	uv	1	1480991	1483728	0.1450856825749167	3604	1307222	9010000	0
bv	uv	1	1483728	1486418	0.142399344620426	3662	1303666	9155000	0
bv	uv	1	1486418	1489093	0.1456720936564116	3673	1337634	9182500	0
bv	uv	1	1489093	1491787	0.15056	3675	1383270	9187500	0
bv	uv	1	1491787	1494426	0.1450016752229127	3701	1341628	9252500	0
bv	uv	1	1494426	1497097	0.146965084473049	3729	1370082	9322500	0
bv	uv	1	1497097	1499813	0.1446659133709981	3717	1344308	9292500	0
bv	uv	1	1499813	1500000	0.1495694915254237	236	88246	590000	0
