pop	chromosome	window_pos_1	window_pos_2	avg_pi	no_sites	count_diffs	count_comparisons	count_missing
bv	1	1	2642	0.1382291872261477	3619	612808	4433275	0
uv	1	1	2642	0.1393369461628254	3619	617719	4433275	0
bv	1	2642	5316	0.1385816463131437	3735	634063	4575375	0
uv	1	2642	5316	0.1403021610250525	3735	641935	4575375	0
bv	1	5316	8020	0.1428396241439719	3588	627823	4395300	0
uv	1	5316	8020	0.1421479762473551	3588	624783	4395300	0
bv	1	8020	10700	0.1440991929038576	3626	640067	4441850	0
uv	1	8020	10700	0.1423974244965498	3626	632508	4441850	0
uv	1	10700	13337	0.1432189587136408	3734	655105	4574150	0
bv	1	10700	13337	0.1426457374594187	3734	652483	4574150	0
bv	1	13337	16000	0.1411565911808958	3703	640311	4536175	0
uv	1	13337	16000	0.1418194844775609	3703	643318	4536175	0
bv	1	16000	18736	0.1363407391784562	3677	614123	4504325	0
uv	1	16000	18736	0.1361058538182746	3677	613065	4504325	0
bv	1	18736	21427	0.1424677597693038	3673	641023	4499425	0
uv	1	18736	21427	0.142154164143196	3673	639612	4499425	0
uv	1	21427	24181	0.1397591404052787	3679	629863	4506775	0
bv	1	21427	24181	0.1371222215442306	3679	617979	4506775	0
bv	1	24181	26860	0.1380194325423767	3577	604777	4381825	0
uv	1	24181	26860	0.1376748272694596	3577	603267	4381825	0
bv	1	26860	29562	0.1395152709359605	3625	619535	4440625	0
uv	1	26860	29562	0.1386944405348346	3625	615890	4440625	0
bv	1	29562	32230	0.1435178934662583	3652	642056	4473700	0
uv	1	29562	32230	0.1445523839327626	3652	646684	4473700	0
bv	1	32230	34940	0.1359265597908121	3637	605597	4455325	0
uv	1	32230	34940	0.1367673514277858	3637	609343	4455325	0
bv	1	34940	37626	0.1365727806191713	3683	616172	4511675	0
uv	1	34940	37626	0.139722165271213	3683	630381	4511675	0
bv	1	37626	40342	0.1460534605146406	3680	658409	4508000	0
uv	1	37626	40342	0.1423726708074534	3680	641816	4508000	0
bv	1	40342	43047	0.1388260069019504	3702	629569	4534950	0
uv	1	40342	43047	0.136604372705322	3702	619494	4534950	0
uv	1	43047	45721	0.1354626918444692	3694	612989	4525150	0
bv	1	43047	45721	0.1356624642277051	3694	613893	4525150	0
bv	1	45721	48407	0.1439008205573555	3666	646237	4490850	0
uv	1	45721	48407	0.1438413663337675	3666	645970	4490850	0
bv	1	48407	51085	0.1422620144832126	3720	648288	4557000	0
uv	1	48407	51085	0.1405246872942725	3720	640371	4557000	0
bv	1	51085	53751	0.1384842408992542	3593	609528	4401425	0
uv	1	51085	53751	0.13580147338646	3593	597720	4401425	0
bv	1	53751	56384	0.1439747116237799	3680	649038	4508000	0
uv	1	53751	56384	0.141755767524401	3680	639035	4508000	0
bv	1	56384	59048	0.1405775770075031	3691	635618	4521475	0
uv	1	56384	59048	0.1388325712295213	3691	627728	4521475	0
bv	1	59048	61746	0.1383077999844467	3674	622475	4500650	0
uv	1	59048	61746	0.1358670414273493	3674	611490	4500650	0
bv	1	61746	64447	0.1433694872664402	3671	644729	4496975	0
uv	1	61746	64447	0.134719895040555	3671	605832	4496975	0
uv	1	64447	67189	0.1339512837393021	3720	610416	4557000	0
bv	1	64447	67189	0.1366535001097213	3720	622730	4557000	0
bv	1	67189	69905	0.1406694058655076	3606	621386	4417350	0
uv	1	67189	69905	0.1385262657475635	3606	611919	4417350	0
bv	1	69905	72583	0.1401742632536885	3689	633451	4519025	0
uv	1	69905	72583	0.1395398343669265	3689	630584	4519025	0
bv	1	72583	75317	0.1349396142794802	3601	595249	4411225	0
uv	1	72583	75317	0.1394363243770154	3601	615085	4411225	0
uv	1	75317	78035	0.1370714032929439	3633	610026	4450425	0
bv	1	75317	78035	0.1344763702343034	3633	598477	4450425	0
bv	1	78035	80709	0.1370707115278543	3700	621273	4532500	0
uv	1	78035	80709	0.1331684500827357	3700	603586	4532500	0
bv	1	80709	83380	0.1378920245806712	3683	622124	4511675	0
uv	1	80709	83380	0.1336182238303956	3683	602842	4511675	0
bv	1	83380	86059	0.1396987419625384	3650	624628	4471250	0
uv	1	83380	86059	0.1418151523623148	3650	634091	4471250	0
bv	1	86059	88811	0.1386232721144241	3657	621008	4479825	0
uv	1	86059	88811	0.1392891463394217	3657	623991	4479825	0
uv	1	88811	91499	0.1423446994620118	3691	643608	4521475	0
bv	1	88811	91499	0.1426866232811195	3691	645154	4521475	0
bv	1	91499	94201	0.145449176455148	3732	664950	4571700	0
uv	1	91499	94201	0.1447546864404926	3732	661775	4571700	0
bv	1	94201	96836	0.1393433991482772	3690	629867	4520250	0
uv	1	94201	96836	0.1433540180299762	3690	647996	4520250	0
bv	1	96836	99494	0.1426519374269531	3632	634687	4449200	0
uv	1	96836	99494	0.1414935269261889	3632	629533	4449200	0
bv	1	99494	102206	0.1371876716240856	3716	624492	4552100	0
uv	1	99494	102206	0.1401265350058214	3716	637870	4552100	0
bv	1	102206	104899	0.1375989424109724	3705	624510	4538625	0
uv	1	102206	104899	0.1414794128177587	3705	642122	4538625	0
bv	1	104899	107627	0.140785528049411	3671	633109	4496975	0
uv	1	104899	107627	0.1405373612261576	3671	631993	4496975	0
bv	1	107627	110327	0.1365421976650922	3664	612856	4488400	0
uv	1	107627	110327	0.1366273059442117	3664	613238	4488400	0
uv	1	110327	113008	0.1365874528411964	3673	614565	4499425	0
bv	1	110327	113008	0.1342553770759597	3673	604072	4499425	0
bv	1	113008	115674	0.135454550453973	3711	615773	4545975	0
uv	1	113008	115674	0.1380605920622089	3711	627620	4545975	0
bv	1	115674	118373	0.1367206811315572	3641	609805	4460225	0
uv	1	115674	118373	0.1386481623684903	3641	618402	4460225	0
bv	1	118373	121052	0.1418625916924681	3678	639169	4505550	0
uv	1	118373	121052	0.1415276714274617	3678	637660	4505550	0
uv	1	121052	123732	0.1399613746992986	3614	619630	4427150	0
bv	1	121052	123732	0.1407307184080051	3614	623036	4427150	0
bv	1	123732	126401	0.1413334974790574	3647	631418	4467575	0
uv	1	123732	126401	0.1375806785560399	3647	614652	4467575	0
bv	1	126401	129105	0.1388782414183535	3695	628615	4526375	0
uv	1	126401	129105	0.1406085443649719	3695	636447	4526375	0
bv	1	129105	131810	0.134815776445349	3710	612704	4544750	0
uv	1	129105	131810	0.1355757742450079	3710	616158	4544750	0
uv	1	131810	134530	0.1360818575364029	3630	605122	4446750	0
bv	1	131810	134530	0.1337167594310451	3630	594605	4446750	0
uv	1	134530	137299	0.1397032647523052	3685	630638	4514125	0
bv	1	134530	137299	0.1353318749480796	3685	610905	4514125	0
bv	1	137299	140017	0.137437834153645	3653	615024	4474925	0
uv	1	137299	140017	0.1388070191120521	3653	621151	4474925	0
bv	1	140017	142728	0.1356202425383716	3598	597753	4407550	0
uv	1	140017	142728	0.1386239520822225	3598	610992	4407550	0
bv	1	142728	145382	0.1436334029087368	3647	641693	4467575	0
uv	1	142728	145382	0.1470446495022467	3647	656933	4467575	0
bv	1	145382	148029	0.143580431368042	3729	655879	4568025	0
uv	1	145382	148029	0.1461859337459843	3729	667781	4568025	0
bv	1	148029	150668	0.1415712577226407	3703	642192	4536175	0
uv	1	148029	150668	0.1431185966149895	3703	649211	4536175	0
bv	1	150668	153314	0.1396688232620516	3637	622270	4455325	0
uv	1	150668	153314	0.140687379708551	3637	626808	4455325	0
bv	1	153314	156046	0.1432160933585189	3641	638776	4460225	0
uv	1	153314	156046	0.1431371735730821	3641	638424	4460225	0
uv	1	156046	158762	0.1491098661686897	3672	670726	4498200	0
bv	1	156046	158762	0.1473564981548175	3672	662839	4498200	0
bv	1	158762	161438	0.1401109332621937	3672	630247	4498200	0
uv	1	158762	161438	0.1404735227424303	3672	631878	4498200	0
bv	1	161438	164116	0.1377396035418947	3766	635441	4613350	0
uv	1	161438	164116	0.1396494954859267	3766	644252	4613350	0
bv	1	164116	166841	0.1460037506894649	3700	661762	4532500	0
uv	1	164116	166841	0.1486755653612796	3700	673872	4532500	0
uv	1	166841	169502	0.1401668989409421	3617	621055	4430825	0
bv	1	166841	169502	0.1387682880727629	3617	614858	4430825	0
bv	1	169502	172223	0.1366294764765545	3662	612913	4485950	0
uv	1	169502	172223	0.1358320979948505	3662	609336	4485950	0
bv	1	172223	174963	0.1377873839435039	3673	619964	4499425	0
uv	1	172223	174963	0.1393924779277352	3673	627186	4499425	0
bv	1	174963	177655	0.1352035300606729	3700	612810	4532500	0
uv	1	174963	177655	0.1350755653612796	3700	612230	4532500	0
bv	1	177655	180397	0.1382587201318319	3641	616665	4460225	0
uv	1	177655	180397	0.1384427915632058	3641	617486	4460225	0
bv	1	180397	183062	0.1338885084235036	3576	586512	4380600	0
uv	1	180397	183062	0.1364201250970186	3576	597602	4380600	0
uv	1	183062	185753	0.1362943535945695	3704	618422	4537400	0
bv	1	183062	185753	0.1346568519416406	3704	610992	4537400	0
bv	1	185753	188394	0.1412597770385687	3632	628493	4449200	0
uv	1	185753	188394	0.1414416074799964	3632	629302	4449200	0
bv	1	188394	191047	0.1374685429727446	3672	618361	4498200	0
uv	1	188394	191047	0.1383008759059179	3672	622105	4498200	0
bv	1	191047	193759	0.1388553829491995	3618	615414	4432050	0
uv	1	191047	193759	0.1421394162971988	3618	629969	4432050	0
bv	1	193759	196442	0.1402425317953268	3657	628262	4479825	0
uv	1	193759	196442	0.1383288409703504	3657	619689	4479825	0
bv	1	196442	199120	0.1365603848233854	3585	599722	4391625	0
uv	1	196442	199120	0.1397462215011527	3585	613713	4391625	0
bv	1	199120	201843	0.1467060194000761	3644	654881	4463900	0
uv	1	199120	201843	0.1478532225184256	3644	660002	4463900	0
bv	1	201843	204538	0.1432654162285362	3707	650579	4541075	0
uv	1	201843	204538	0.1413581585857974	3707	641918	4541075	0
uv	1	204538	207179	0.139174989144594	3713	633027	4548425	0
bv	1	204538	207179	0.1402830650170113	3713	638067	4548425	0
bv	1	207179	209878	0.1371477214937979	3692	620278	4522700	0
uv	1	207179	209878	0.1395062683795078	3692	630945	4522700	0
bv	1	209878	212579	0.1388019590043595	3642	619258	4461450	0
uv	1	209878	212579	0.1378323190890854	3642	614932	4461450	0
bv	1	212579	215240	0.1440584164326619	3692	651533	4522700	0
uv	1	212579	215240	0.1454098215667632	3692	657645	4522700	0
uv	1	215240	217948	0.1377485548647756	3647	615402	4467575	0
bv	1	215240	217948	0.1396164585933084	3647	623747	4467575	0
bv	1	217948	220644	0.1355151460694349	3634	603266	4451650	0
uv	1	217948	220644	0.1344029741781137	3634	598315	4451650	0
bv	1	220644	223342	0.1344409852216748	3625	597002	4440625	0
uv	1	220644	223342	0.1345321885995777	3625	597407	4440625	0
bv	1	223342	225997	0.1361839974084872	3528	588560	4321800	0
uv	1	223342	225997	0.1378323846545421	3528	595684	4321800	0
bv	1	225997	228685	0.1360357028717527	3576	595918	4380600	0
uv	1	225997	228685	0.1377617221385198	3576	603479	4380600	0
uv	1	228685	231359	0.1427776405154475	3717	650113	4553325	0
bv	1	228685	231359	0.1408836399773791	3717	641489	4553325	0
bv	1	231359	234051	0.1343914767866863	3674	604849	4500650	0
uv	1	231359	234051	0.1341010742892693	3674	603542	4500650	0
bv	1	234051	236751	0.1384303655528145	3640	617261	4459000	0
uv	1	234051	236751	0.1392471406144875	3640	620903	4459000	0
bv	1	236751	239414	0.1400094340158787	3591	615898	4398975	0
uv	1	236751	239414	0.1379782790309106	3591	606963	4398975	0
uv	1	239414	242141	0.1349649511978704	3680	608422	4508000	0
bv	1	239414	242141	0.1396610470275066	3680	629592	4508000	0
bv	1	242141	244880	0.1384441524606526	3619	613761	4433275	0
uv	1	242141	244880	0.1379133935972841	3619	611408	4433275	0
bv	1	244880	247586	0.1410295929568314	3644	629542	4463900	0
uv	1	244880	247586	0.1380846345124218	3644	616396	4463900	0
bv	1	247586	250249	0.1433007247811794	3607	633185	4418575	0
uv	1	247586	250249	0.1433034405888776	3607	633197	4418575	0
bv	1	250249	252923	0.1323712158371315	3703	600459	4536175	0
uv	1	250249	252923	0.1331981239700849	3703	604210	4536175	0
uv	1	252923	255584	0.1384046930513096	3705	628167	4538625	0
bv	1	252923	255584	0.1379942163100057	3705	626304	4538625	0
bv	1	255584	258281	0.136477668921764	3635	607718	4452875	0
uv	1	255584	258281	0.1372814193077506	3635	611297	4452875	0
bv	1	258281	260962	0.13603371783496	3680	613240	4508000	0
uv	1	258281	260962	0.1354101597160603	3680	610429	4508000	0
bv	1	260962	263666	0.1289822785943779	3646	576080	4466350	0
uv	1	260962	263666	0.1298709236848881	3646	580049	4466350	0
bv	1	263666	266350	0.1432700897202707	3669	643931	4494525	0
uv	1	263666	266350	0.1412356144420155	3669	634787	4494525	0
bv	1	266350	269056	0.1377056999761507	3594	606270	4402650	0
uv	1	266350	269056	0.1379330630415772	3594	607271	4402650	0
bv	1	269056	271772	0.1410047865509592	3671	634095	4496975	0
uv	1	269056	271772	0.143773536655196	3671	646546	4496975	0
bv	1	271772	274463	0.1375549788881069	3712	625490	4547200	0
uv	1	271772	274463	0.1350259500351865	3712	613990	4547200	0
uv	1	274463	277105	0.1391172971280562	3585	610951	4391625	0
bv	1	274463	277105	0.1376939060142885	3585	604700	4391625	0
uv	1	277105	279780	0.1390060024009604	3655	622382	4477375	0
bv	1	277105	279780	0.1370897009966777	3655	613802	4477375	0
bv	1	279780	282486	0.1404707649931138	3586	617067	4392850	0
uv	1	279780	282486	0.1407159361234733	3586	618144	4392850	0
bv	1	282486	285144	0.1363659805174769	3704	618747	4537400	0
uv	1	282486	285144	0.1353067836205756	3704	613941	4537400	0
bv	1	285144	287812	0.1382254154361528	3704	627184	4537400	0
uv	1	285144	287812	0.1329521311764446	3704	603257	4537400	0
bv	1	287812	290504	0.1345987672921517	3725	614191	4563125	0
uv	1	287812	290504	0.1344208190658813	3725	613379	4563125	0
uv	1	290504	293227	0.137678304379603	3630	612221	4446750	0
bv	1	290504	293227	0.1422456850508798	3630	632531	4446750	0
bv	1	293227	295904	0.1333721330933874	3731	609574	4570475	0
uv	1	293227	295904	0.1340473364365848	3731	612660	4570475	0
bv	1	295904	298602	0.1411064613967059	3721	643195	4558225	0
uv	1	295904	298602	0.1381504862089958	3721	629721	4558225	0
bv	1	298602	301274	0.1489369345097775	3636	663380	4454100	0
uv	1	298602	301274	0.1487157899463415	3636	662395	4454100	0
uv	1	301274	303910	0.1398049948492357	3665	627672	4489625	0
bv	1	301274	303910	0.1398217000306261	3665	627747	4489625	0
bv	1	303910	306573	0.1377914453452614	3650	616100	4471250	0
uv	1	303910	306573	0.1366094492591557	3650	610815	4471250	0
bv	1	306573	309232	0.1412479487512053	3619	626191	4433275	0
uv	1	306573	309232	0.1394019094236202	3619	618007	4433275	0
bv	1	309232	311895	0.1372787651908531	3718	625243	4554550	0
uv	1	309232	311895	0.139757165911012	3718	636531	4554550	0
bv	1	311895	314589	0.1393233579846313	3673	626875	4499425	0
uv	1	311895	314589	0.1373724420342599	3673	618097	4499425	0
bv	1	314589	317301	0.1358973484244061	3709	617453	4543525	0
uv	1	314589	317301	0.1386216648967486	3709	629831	4543525	0
bv	1	317301	319955	0.1376621764643951	3683	621087	4511675	0
uv	1	317301	319955	0.137414374927272	3683	619969	4511675	0
bv	1	319955	322677	0.1329519763295653	3766	613354	4613350	0
uv	1	319955	322677	0.1343052228857554	3766	619597	4613350	0
uv	1	322677	325373	0.1343583063339902	3666	603383	4490850	0
bv	1	322677	325373	0.1335711502276851	3666	599848	4490850	0
bv	1	325373	328117	0.1346629142038825	3691	608875	4521475	0
uv	1	325373	328117	0.1323397785014846	3691	598371	4521475	0
bv	1	328117	330750	0.1379328505595786	3689	623322	4519025	0
uv	1	328117	330750	0.1385573215461299	3689	626144	4519025	0
bv	1	330750	333437	0.132801173428031	3701	602084	4533725	0
uv	1	330750	333437	0.1343583918301176	3701	609144	4533725	0
bv	1	333437	336098	0.140953121787784	3673	634208	4499425	0
uv	1	333437	336098	0.1397674147252149	3673	628873	4499425	0
bv	1	336098	338795	0.1362256613963245	3658	610434	4481050	0
uv	1	336098	338795	0.1363475078385646	3658	610980	4481050	0
bv	1	338795	341526	0.1387254003818942	3698	628433	4530050	0
uv	1	338795	341526	0.1379722078122758	3698	625021	4530050	0
bv	1	341526	344248	0.1395303690273509	3692	631054	4522700	0
uv	1	341526	344248	0.1402560417449753	3692	634336	4522700	0
uv	1	344248	346951	0.1411033876326642	3667	633847	4492075	0
bv	1	344248	346951	0.1403489478693031	3667	630458	4492075	0
bv	1	346951	349672	0.1417973582920278	3685	640091	4514125	0
uv	1	346951	349672	0.1434690000830726	3685	647637	4514125	0
bv	1	349672	352308	0.1422376485578085	3716	647480	4552100	0
uv	1	349672	352308	0.1411168471694383	3716	642378	4552100	0
bv	1	352308	354946	0.1460844602251265	3782	676802	4632950	0
uv	1	352308	354946	0.1516342719001931	3782	702514	4632950	0
uv	1	354946	357594	0.1438039386526367	3654	643688	4476150	0
bv	1	354946	357594	0.1423690001452141	3654	637265	4476150	0
bv	1	357594	360257	0.1419604780129657	3658	636132	4481050	0
uv	1	357594	360257	0.1427654232824896	3658	639739	4481050	0
bv	1	360257	362890	0.1413119293309194	3641	630283	4460225	0
uv	1	360257	362890	0.1407298959133227	3641	627687	4460225	0
bv	1	362890	365571	0.1420006545700639	3679	639965	4506775	0
uv	1	362890	365571	0.1415846142751746	3679	638090	4506775	0
bv	1	365571	368225	0.1406867737591914	3683	634733	4511675	0
uv	1	365571	368225	0.1385616206841139	3683	625145	4511675	0
bv	1	368225	370921	0.1440653061224489	3675	648564	4501875	0
uv	1	368225	370921	0.1447339164237123	3675	651574	4501875	0
uv	1	370921	373588	0.1373021403683424	3649	613744	4470025	0
bv	1	370921	373588	0.1368222772803284	3649	611599	4470025	0
bv	1	373588	376266	0.1376066585574627	3624	610891	4439400	0
uv	1	373588	376266	0.1386948686759472	3624	615722	4439400	0
bv	1	376266	378936	0.136691983027762	3641	609677	4460225	0
uv	1	376266	378936	0.1371244724201133	3641	611606	4460225	0
bv	1	378936	381611	0.1430418148567838	3638	637473	4456550	0
uv	1	378936	381611	0.1417475401375503	3638	631705	4456550	0
bv	1	381611	384244	0.1412999856513725	3698	640096	4530050	0
uv	1	381611	384244	0.1422823147647376	3698	644546	4530050	0
bv	1	384244	386958	0.1402472099951091	3672	630860	4498200	0
uv	1	384244	386958	0.1409534925081143	3672	634037	4498200	0
bv	1	386958	389629	0.1351285049936035	3717	615284	4553325	0
uv	1	386958	389629	0.1334104198580158	3717	607461	4553325	0
bv	1	389629	392306	0.1433070451000637	3716	652348	4552100	0
uv	1	389629	392306	0.1413692581445926	3716	643527	4552100	0
uv	1	392306	394977	0.1435307781649245	3690	648795	4520250	0
bv	1	392306	394977	0.1437285548365687	3690	649689	4520250	0
bv	1	394977	397601	0.1361047527735926	3725	621063	4563125	0
uv	1	394977	397601	0.1395705793726886	3725	636878	4563125	0
bv	1	397601	400250	0.1388667710999885	3739	636048	4580275	0
uv	1	397601	400250	0.1426215674823018	3739	653246	4580275	0
bv	1	400250	402924	0.1379576380186913	3697	624786	4528825	0
uv	1	400250	402924	0.140099032309705	3697	634484	4528825	0
uv	1	402924	405655	0.1401802777495741	3618	621286	4432050	0
bv	1	402924	405655	0.138518744147742	3618	613922	4432050	0
bv	1	405655	408372	0.1356243756243756	3718	617708	4554550	0
uv	1	405655	408372	0.1385522170137554	3718	631043	4554550	0
bv	1	408372	411042	0.1364614624727778	3636	607813	4454100	0
uv	1	408372	411042	0.1373534496306773	3636	611786	4454100	0
bv	1	411042	413714	0.1468280087864657	3707	666757	4541075	0
uv	1	411042	413714	0.1458641400989853	3707	662380	4541075	0
bv	1	413714	416362	0.1404400510204081	3712	638609	4547200	0
uv	1	413714	416362	0.1440449067558057	3712	655001	4547200	0
uv	1	416362	419067	0.1438756395120031	3630	639779	4446750	0
bv	1	416362	419067	0.1448709731826614	3630	644205	4446750	0
bv	1	419067	421721	0.1469767697232242	3717	669233	4553325	0
uv	1	419067	421721	0.1462862852970082	3717	666089	4553325	0
bv	1	421721	424407	0.1421567364704314	3676	640146	4503100	0
uv	1	421721	424407	0.1397741555817103	3676	629417	4503100	0
bv	1	424407	427078	0.1354037932089324	3736	619689	4576600	0
uv	1	424407	427078	0.1381704758991391	3736	632351	4576600	0
uv	1	427078	429718	0.1434966909423199	3685	647762	4514125	0
bv	1	427078	429718	0.1465898706836873	3685	661725	4514125	0
bv	1	429718	432434	0.1403144534526139	3650	627381	4471250	0
uv	1	429718	432434	0.1403157953592395	3650	627387	4471250	0
bv	1	432434	435119	0.1433611377310023	3599	632047	4408775	0
uv	1	432434	435119	0.1428451213772533	3599	629772	4408775	0
bv	1	435119	437786	0.1396705029252616	3715	635623	4550875	0
uv	1	435119	437786	0.1395434943829483	3715	635045	4550875	0
bv	1	437786	440441	0.1444011135807458	3636	643177	4454100	0
uv	1	437786	440441	0.1446902853550661	3636	644465	4454100	0
uv	1	440441	443163	0.141336318430349	3628	628141	4444300	0
bv	1	440441	443163	0.1356888598879463	3628	603042	4444300	0
bv	1	443163	445815	0.1319154220654336	3714	600169	4549650	0
uv	1	443163	445815	0.1355895508445704	3714	616885	4549650	0
bv	1	445815	448480	0.1339479014658157	3748	614995	4591300	0
uv	1	445815	448480	0.1368083113715069	3748	628128	4591300	0
bv	1	448480	451151	0.1350005010187381	3666	606267	4490850	0
uv	1	448480	451151	0.1381375463442332	3666	620355	4490850	0
bv	1	451151	453859	0.1352578067030309	3603	596984	4413675	0
uv	1	451151	453859	0.1361543385047607	3603	600941	4413675	0
bv	1	453859	456561	0.1424776577297585	3672	640893	4498200	0
uv	1	453859	456561	0.138917344715664	3672	624878	4498200	0
bv	1	456561	459249	0.1435809123322264	3669	645328	4494525	0
uv	1	456561	459249	0.1422966831867661	3669	639556	4494525	0
bv	1	459249	461895	0.1432034161490683	3680	645561	4508000	0
uv	1	459249	461895	0.1437307009760426	3680	647938	4508000	0
uv	1	461895	464607	0.138130204305775	3642	616261	4461450	0
bv	1	461895	464607	0.1389980835826917	3642	620133	4461450	0
uv	1	464607	467267	0.1360776639422892	3723	620606	4560675	0
bv	1	464607	467267	0.1351552127700395	3723	616399	4560675	0
bv	1	467267	469927	0.1414221173747579	3668	635452	4493300	0
uv	1	467267	469927	0.1415765695591213	3668	636146	4493300	0
bv	1	469927	472586	0.1450204972818821	3664	650910	4488400	0
uv	1	469927	472586	0.147188976027092	3664	660643	4488400	0
bv	1	472586	475247	0.1430946559552916	3681	645246	4509225	0
uv	1	472586	475247	0.1470430062815672	3681	663050	4509225	0
bv	1	475247	477977	0.1390723356637033	3611	615183	4423475	0
uv	1	475247	477977	0.1393013411401669	3611	616196	4423475	0
bv	1	477977	480666	0.1425385709839491	3672	641167	4498200	0
uv	1	477977	480666	0.1424420879462896	3672	640733	4498200	0
bv	1	480666	483367	0.1362651493089003	3644	608274	4463900	0
uv	1	480666	483367	0.1357593136046954	3644	606016	4463900	0
bv	1	483367	486056	0.1429089626125977	3702	648085	4534950	0
uv	1	483367	486056	0.1424401592079295	3702	645959	4534950	0
bv	1	486056	488713	0.1380425323282466	3663	619421	4487175	0
uv	1	486056	488713	0.1391817791817791	3663	624533	4487175	0
uv	1	488713	491408	0.1322294955718136	3604	583780	4414900	0
bv	1	488713	491408	0.132789417653854	3604	586252	4414900	0
bv	1	491408	494110	0.1333975429755806	3653	596944	4474925	0
uv	1	491408	494110	0.1340377771694497	3653	599809	4474925	0
bv	1	494110	496845	0.1401354617534462	3673	630529	4499425	0
uv	1	494110	496845	0.137122632336354	3673	616973	4499425	0
bv	1	496845	499629	0.1410041821879927	3572	616992	4375700	0
uv	1	496845	499629	0.1410034965834038	3572	616989	4375700	0
uv	1	499629	502310	0.1357635161761196	3677	611523	4504325	0
bv	1	499629	502310	0.1343784029793587	3677	605284	4504325	0
bv	1	502310	505054	0.1389492848421419	3744	637277	4586400	0
uv	1	502310	505054	0.1379192830978545	3744	632553	4586400	0
bv	1	505054	507797	0.1375847260714985	3645	614333	4465125	0
uv	1	505054	507797	0.1397432322723328	3645	623971	4465125	0
bv	1	507797	510487	0.1421568755297646	3756	654078	4601100	0
uv	1	507797	510487	0.139866553650214	3756	643540	4601100	0
uv	1	510487	513167	0.1450698055777071	3634	645800	4451650	0
bv	1	510487	513167	0.145742365190435	3634	648794	4451650	0
uv	1	513167	515767	0.1486025810485441	3721	677364	4558225	0
bv	1	513167	515767	0.1463264757663344	3721	666989	4558225	0
bv	1	515767	518476	0.148795703776253	3709	676057	4543525	0
uv	1	515767	518476	0.1475939936503045	3709	670597	4543525	0
bv	1	518476	521172	0.1452707679407132	3602	641000	4412450	0
uv	1	518476	521172	0.1455236886536958	3602	642116	4412450	0
bv	1	521172	523888	0.1438278366672845	3633	640095	4450425	0
uv	1	521172	523888	0.1441039900683642	3633	641324	4450425	0
bv	1	523888	526530	0.1391717283268912	3622	617498	4436950	0
uv	1	523888	526530	0.1343427354376317	3622	596072	4436950	0
uv	1	526530	529273	0.1382044772674821	3714	628782	4549650	0
bv	1	526530	529273	0.137618937720484	3714	626118	4549650	0
bv	1	529273	531940	0.1396750375710583	3748	641290	4591300	0
uv	1	529273	531940	0.1380469583778014	3748	633815	4591300	0
bv	1	531940	534675	0.1421373234760281	3688	642148	4517800	0
uv	1	531940	534675	0.1420200097392536	3688	641618	4517800	0
bv	1	534675	537282	0.1465196822575392	3697	663562	4528825	0
uv	1	534675	537282	0.1454264627138385	3697	658611	4528825	0
uv	1	537282	540003	0.1404192534765637	3754	645739	4598650	0
bv	1	537282	540003	0.1386193774259837	3754	637462	4598650	0
bv	1	540003	542691	0.1377139257025853	3628	612042	4444300	0
uv	1	540003	542691	0.139000742524132	3628	617761	4444300	0
bv	1	542691	545397	0.1368310195203693	3678	616499	4505550	0
uv	1	542691	545397	0.1352414244653816	3678	609337	4505550	0
bv	1	545397	548087	0.1348063179728987	3601	594661	4411225	0
uv	1	545397	548087	0.1359706204058963	3601	599797	4411225	0
bv	1	548087	550835	0.134738992104953	3637	600306	4455325	0
uv	1	548087	550835	0.1338485969037051	3637	596339	4455325	0
bv	1	550835	553533	0.1331550448059344	3637	593249	4455325	0
uv	1	550835	553533	0.1331907324381498	3637	593408	4455325	0
bv	1	553533	556283	0.1351146370838535	3694	611414	4525150	0
uv	1	553533	556283	0.1402326994685259	3694	634574	4525150	0
bv	1	556283	559003	0.1327017516112451	3613	587328	4425925	0
uv	1	556283	559003	0.1350639696786547	3613	597783	4425925	0
uv	1	559003	561738	0.1290505670178109	3646	576385	4466350	0
bv	1	559003	561738	0.1311576566995421	3646	585796	4466350	0
bv	1	561738	564451	0.1316394018662398	3659	590044	4482275	0
uv	1	561738	564451	0.1326170304142427	3659	594426	4482275	0
bv	1	564451	567178	0.1353839062445983	3542	587424	4338950	0
uv	1	564451	567178	0.138109219972574	3542	599249	4338950	0
bv	1	567178	569874	0.1310338737983024	3698	593590	4530050	0
uv	1	567178	569874	0.1345779847904548	3698	609645	4530050	0
bv	1	569874	572588	0.1342315451576589	3662	602156	4485950	0
uv	1	569874	572588	0.1352520647800354	3662	606734	4485950	0
uv	1	572588	575284	0.1378339747113798	3638	614264	4456550	0
bv	1	572588	575284	0.1360328056456227	3638	606237	4456550	0
bv	1	575284	577985	0.1393662581311594	3655	623995	4477375	0
uv	1	575284	577985	0.1400590747927078	3655	627097	4477375	0
bv	1	577985	580638	0.1444864067963194	3613	639486	4425925	0
uv	1	577985	580638	0.1415853183232883	3613	626646	4425925	0
bv	1	580638	583372	0.1417783789090195	3742	649905	4583950	0
uv	1	580638	583372	0.1386899944371121	3742	635748	4583950	0
uv	1	583372	586087	0.139602776516664	3731	638051	4570475	0
bv	1	583372	586087	0.1419883053730739	3731	648954	4570475	0
bv	1	586087	588789	0.1383421381441943	3724	631103	4561900	0
uv	1	586087	588789	0.1369933580306451	3724	624950	4561900	0
bv	1	588789	591496	0.144331034790316	3661	647285	4484725	0
uv	1	588789	591496	0.1449714308012197	3661	650157	4484725	0
bv	1	591496	594202	0.1438190591207849	3667	646046	4492075	0
uv	1	591496	594202	0.1432482761307413	3667	643482	4492075	0
bv	1	594202	596874	0.1395562953756867	3629	620401	4445525	0
uv	1	594202	596874	0.1387194988218489	3629	616681	4445525	0
bv	1	596874	599653	0.1465236793018636	3709	665734	4543525	0
uv	1	596874	599653	0.14029525533589	3709	637435	4543525	0
bv	1	599653	602370	0.1391361085152459	3647	621601	4467575	0
uv	1	599653	602370	0.1375858267628411	3647	614675	4467575	0
bv	1	602370	605063	0.1365369172059067	3690	617181	4520250	0
uv	1	602370	605063	0.1339576350865549	3690	605522	4520250	0
uv	1	605063	607729	0.1304913323758308	3666	586017	4490850	0
bv	1	605063	607729	0.1356184241290624	3666	609042	4490850	0
bv	1	607729	610463	0.1420213536511868	3691	642146	4521475	0
uv	1	607729	610463	0.1408546989643866	3691	636871	4521475	0
bv	1	610463	613223	0.144505104854959	3626	641870	4441850	0
uv	1	610463	613223	0.1439402501210081	3626	639361	4441850	0
bv	1	613223	615907	0.1403834329104817	3631	624422	4447975	0
uv	1	613223	615907	0.1419097454459613	3631	631211	4447975	0
bv	1	615907	618585	0.1428986957023585	3713	649964	4548425	0
uv	1	615907	618585	0.1428373557879925	3713	649685	4548425	0
bv	1	618585	621259	0.1462467308938909	3652	654264	4473700	0
uv	1	618585	621259	0.1432892236850928	3652	641033	4473700	0
bv	1	621259	623964	0.1443291849669049	3629	641619	4445525	0
uv	1	621259	623964	0.1419564618352163	3629	631071	4445525	0
bv	1	623964	626628	0.1419086915420119	3670	637986	4495750	0
uv	1	623964	626628	0.1395073124617694	3670	627190	4495750	0
uv	1	626628	629328	0.1403240676536991	3679	632409	4506775	0
bv	1	626628	629328	0.1410305595464606	3679	635593	4506775	0
bv	1	629328	632006	0.143086271382521	3634	636970	4451650	0
uv	1	629328	632006	0.1412177507216425	3634	628652	4451650	0
bv	1	632006	634696	0.1433660246563472	3627	636986	4443075	0
uv	1	632006	634696	0.1412951615716592	3627	627785	4443075	0
bv	1	634696	637444	0.1358883652199223	3646	606925	4466350	0
uv	1	634696	637444	0.1384463823927815	3646	618350	4466350	0
uv	1	637444	640156	0.1387171536187184	3679	625167	4506775	0
bv	1	637444	640156	0.135867222126687	3679	612323	4506775	0
bv	1	640156	642853	0.1362228059540648	3636	606750	4454100	0
uv	1	640156	642853	0.1356969982712557	3636	604408	4454100	0
bv	1	642853	645517	0.1363902076817496	3628	606159	4444300	0
uv	1	642853	645517	0.140427963908827	3628	624104	4444300	0
bv	1	645517	648247	0.1416928883657443	3693	641008	4523925	0
uv	1	645517	648247	0.1423392297617666	3693	643932	4523925	0
bv	1	648247	650950	0.1390552551295747	3706	631290	4539850	0
uv	1	648247	650950	0.138157868652048	3706	627216	4539850	0
uv	1	650950	653702	0.1457286132650195	3561	635701	4362225	0
bv	1	650950	653702	0.1427063024030168	3561	622517	4362225	0
bv	1	653702	656390	0.1366453167036257	3626	606958	4441850	0
uv	1	653702	656390	0.1390071704357418	3626	617449	4441850	0
bv	1	656390	659082	0.1291166899636567	3650	577313	4471250	0
uv	1	656390	659082	0.130232261671792	3650	582301	4471250	0
bv	1	659082	661824	0.1386921608709892	3614	614011	4427150	0
uv	1	659082	661824	0.1378762860982799	3614	610399	4427150	0
bv	1	661824	664474	0.1360523530617786	3683	613824	4511675	0
uv	1	661824	664474	0.1371007441803764	3683	618554	4511675	0
bv	1	664474	667161	0.134719785588654	3655	603191	4477375	0
uv	1	664474	667161	0.1354190792596108	3655	606322	4477375	0
bv	1	667161	669854	0.1372588391778855	3667	616577	4492075	0
uv	1	667161	669854	0.1371996237818825	3667	616311	4492075	0
bv	1	669854	672563	0.1381947014132189	3629	614348	4445525	0
uv	1	669854	672563	0.1349651615950872	3629	599991	4445525	0
uv	1	672563	675236	0.1291539138866906	3662	579378	4485950	0
bv	1	672563	675236	0.1283576499960989	3662	575806	4485950	0
bv	1	675236	677868	0.1368799723279142	3599	603473	4408775	0
uv	1	675236	677868	0.1361044734648513	3599	600054	4408775	0
bv	1	677868	680555	0.1385542260789785	3737	634277	4577825	0
uv	1	677868	680555	0.1403183826380431	3737	642353	4577825	0
bv	1	680555	683271	0.1342801479066438	3593	591024	4401425	0
uv	1	680555	683271	0.1324384716313466	3593	582918	4401425	0
uv	1	683271	685968	0.1346341628920895	3609	595221	4421025	0
bv	1	683271	685968	0.1364674481596462	3609	603326	4421025	0
bv	1	685968	688650	0.1365766697971555	3629	607155	4445525	0
uv	1	685968	688650	0.1373621788202743	3629	610647	4445525	0
bv	1	688650	691284	0.1351576385477604	3656	605317	4478600	0
uv	1	688650	691284	0.1361246818202116	3656	609648	4478600	0
bv	1	691284	693954	0.1373277278169112	3665	616550	4489625	0
uv	1	691284	693954	0.1419644179636384	3665	637367	4489625	0
uv	1	693954	696606	0.1321994333893158	3609	584457	4421025	0
bv	1	693954	696606	0.1341231954128284	3609	592962	4421025	0
uv	1	696606	699298	0.1372698363106861	3658	615113	4481050	0
bv	1	696606	699298	0.1385733254482766	3658	620954	4481050	0
bv	1	699298	701975	0.1358081428732418	3803	632686	4658675	0
uv	1	699298	701975	0.1347228557476106	3803	627630	4658675	0
bv	1	701975	704676	0.1391925833610592	3619	617079	4433275	0
uv	1	701975	704676	0.1342883083048085	3619	595337	4433275	0
bv	1	704676	707334	0.143482784798821	3656	642602	4478600	0
uv	1	704676	707334	0.140286920019649	3656	628289	4478600	0
bv	1	707334	710046	0.1395739544448666	3652	624412	4473700	0
uv	1	707334	710046	0.1400397880948655	3652	626496	4473700	0
bv	1	710046	712745	0.1383261439893955	3695	626116	4526375	0
uv	1	710046	712745	0.1378438596006738	3695	623933	4526375	0
bv	1	712745	715449	0.1422189158579645	3676	640426	4503100	0
uv	1	712745	715449	0.1430103706335635	3676	643990	4503100	0
bv	1	715449	718130	0.1379106630604049	3735	630993	4575375	0
uv	1	715449	718130	0.1422602518919214	3735	650894	4575375	0
uv	1	718130	720810	0.1408053071242131	3667	632508	4492075	0
bv	1	718130	720810	0.1402639092179004	3667	630076	4492075	0
bv	1	720810	723514	0.1349381118300979	3690	609954	4520250	0
uv	1	720810	723514	0.1357544383607101	3690	613644	4520250	0
bv	1	723514	726212	0.136122115331146	3670	611971	4495750	0
uv	1	723514	726212	0.1361158872268253	3670	611943	4495750	0
bv	1	726212	728962	0.1355157120481029	3557	590486	4357325	0
uv	1	726212	728962	0.1358175027109522	3557	591801	4357325	0
uv	1	728962	731667	0.1300722719301185	3654	582223	4476150	0
bv	1	728962	731667	0.1308760877093037	3654	585821	4476150	0
bv	1	731667	734378	0.1336068777286699	3791	620467	4643975	0
uv	1	731667	734378	0.1318079877690986	3791	612113	4643975	0
bv	1	734378	737066	0.1402235073460456	3656	628005	4478600	0
uv	1	734378	737066	0.1364401821997946	3656	611061	4478600	0
bv	1	737066	739679	0.1407704743503805	3623	624764	4438175	0
uv	1	737066	739679	0.1380855869811352	3623	612848	4438175	0
bv	1	739679	742376	0.13710042712136	3617	607468	4430825	0
uv	1	739679	742376	0.1324534370010099	3617	586878	4430825	0
bv	1	742376	745067	0.1384507279023635	3642	617691	4461450	0
uv	1	742376	745067	0.1366860549821246	3642	609818	4461450	0
bv	1	745067	747795	0.1379817680496856	3723	629290	4560675	0
uv	1	745067	747795	0.1379929506048995	3723	629341	4560675	0
uv	1	747795	750461	0.1401895004130421	3681	632146	4509225	0
bv	1	747795	750461	0.1401655495123885	3681	632038	4509225	0
bv	1	750461	753184	0.1373058570488612	3691	620825	4521475	0
uv	1	750461	753184	0.1388672944116687	3691	627885	4521475	0
bv	1	753184	755885	0.1420698442243347	3684	641147	4512900	0
uv	1	753184	755885	0.1393651532274147	3684	628941	4512900	0
bv	1	755885	758602	0.1422132733935334	3659	637439	4482275	0
uv	1	755885	758602	0.1407490615814514	3659	630876	4482275	0
bv	1	758602	761313	0.1428088209797484	3649	638359	4470025	0
uv	1	758602	761313	0.1471495125866186	3649	657762	4470025	0
bv	1	761313	764048	0.1430602819775016	3681	645091	4509225	0
uv	1	761313	764048	0.139606695163803	3681	629518	4509225	0
bv	1	764048	766788	0.1397565692943844	3672	628653	4498200	0
uv	1	764048	766788	0.137610377484327	3672	618999	4498200	0
bv	1	766788	769489	0.1434403907430071	3702	650495	4534950	0
uv	1	766788	769489	0.1401232648651032	3702	635452	4534950	0
uv	1	769489	772196	0.1388945766151764	3620	615928	4434500	0
bv	1	769489	772196	0.1424469500507385	3620	631681	4434500	0
bv	1	772196	774885	0.1388155108744839	3653	621189	4474925	0
uv	1	772196	774885	0.1384610915266736	3653	619603	4474925	0
bv	1	774885	777538	0.1403943687041456	3669	631006	4494525	0
uv	1	774885	777538	0.1404778035498745	3669	631381	4494525	0
bv	1	777538	780256	0.1414489192613352	3721	644756	4558225	0
uv	1	777538	780256	0.1397083294484147	3721	636822	4558225	0
uv	1	780256	782969	0.1428582682038903	3627	634730	4443075	0
bv	1	780256	782969	0.1402195551504307	3627	623006	4443075	0
bv	1	782969	785724	0.1439873545890241	3628	639923	4444300	0
uv	1	782969	785724	0.1437780977881781	3628	638993	4444300	0
bv	1	785724	788476	0.1402863201355308	3638	625193	4456550	0
uv	1	785724	788476	0.1418788075978054	3638	632290	4456550	0
bv	1	788476	791184	0.1426437721449986	3669	641116	4494525	0
uv	1	788476	791184	0.1429112086371752	3669	642318	4494525	0
bv	1	791184	793908	0.139328009146023	3713	633723	4548425	0
uv	1	791184	793908	0.1398004803860677	3713	635872	4548425	0
uv	1	793908	796625	0.140655562005984	3656	629940	4478600	0
bv	1	793908	796625	0.1401127584513017	3656	627509	4478600	0
bv	1	796625	799290	0.1345415262967397	3665	604041	4489625	0
uv	1	796625	799290	0.134102959601303	3665	602072	4489625	0
bv	1	799290	801947	0.1375651413778031	3642	613740	4461450	0
uv	1	799290	801947	0.1352448195093523	3642	603388	4461450	0
bv	1	801947	804682	0.1341310324787089	3652	600062	4473700	0
uv	1	801947	804682	0.1333171647629479	3652	596421	4473700	0
uv	1	804682	807403	0.1325074988398021	3606	585332	4417350	0
bv	1	804682	807403	0.1331707924434332	3606	588262	4417350	0
bv	1	807403	810046	0.1404805436274293	3688	634663	4517800	0
uv	1	807403	810046	0.1378108814024525	3688	622602	4517800	0
bv	1	810046	812730	0.1366577967592567	3689	617560	4519025	0
uv	1	810046	812730	0.1355900885699902	3689	612735	4519025	0
bv	1	812730	815387	0.1340406385744281	3674	603270	4500650	0
uv	1	812730	815387	0.1323233310744003	3674	595541	4500650	0
bv	1	815387	818005	0.1416548394829114	3661	635283	4484725	0
uv	1	815387	818005	0.1417877350339207	3661	635879	4484725	0
uv	1	818005	820713	0.1366957844439423	3703	620076	4536175	0
bv	1	818005	820713	0.1360895468098122	3703	617326	4536175	0
bv	1	820713	823420	0.1451327277050077	3691	656214	4521475	0
uv	1	820713	823420	0.1452731686009543	3691	656849	4521475	0
bv	1	823420	826062	0.1429090057517549	3573	625502	4376925	0
uv	1	823420	826062	0.1414367392632955	3573	619058	4376925	0
bv	1	826062	828783	0.1392512192683279	3674	626721	4500650	0
uv	1	826062	828783	0.1396178329796807	3674	628371	4500650	0
bv	1	828783	831537	0.1413003060941593	3607	624346	4418575	0
uv	1	828783	831537	0.1378498724136175	3607	609100	4418575	0
bv	1	831537	834198	0.1456758002005583	3765	671875	4612125	0
uv	1	831537	834198	0.1438031276255522	3765	663238	4612125	0
bv	1	834198	836811	0.1452564487867945	3599	640403	4408775	0
uv	1	834198	836811	0.1417681782354509	3599	625024	4408775	0
bv	1	836811	839431	0.1405776141833467	3748	645434	4591300	0
uv	1	836811	839431	0.1397442990002831	3748	641608	4591300	0
uv	1	839431	842117	0.141465935350948	3665	635129	4489625	0
bv	1	839431	842117	0.1401981234512904	3665	629437	4489625	0
uv	1	842117	844819	0.1344149752166809	3685	606766	4514125	0
bv	1	842117	844819	0.1354944756735801	3685	611639	4514125	0
bv	1	844819	847521	0.1339474116959926	3599	590544	4408775	0
uv	1	844819	847521	0.1316077595250381	3599	580229	4408775	0
bv	1	847521	850225	0.1405766689631026	3614	622354	4427150	0
uv	1	847521	850225	0.1387438871508758	3614	614240	4427150	0
bv	1	850225	852875	0.1376293044934159	3608	608294	4419800	0
uv	1	850225	852875	0.1342544911534458	3608	593378	4419800	0
bv	1	852875	855620	0.1324756330907397	3637	590222	4455325	0
uv	1	852875	855620	0.1309495940251272	3637	583423	4455325	0
bv	1	855620	858358	0.1372936904019249	3664	616229	4488400	0
uv	1	855620	858358	0.1374349434096783	3664	616863	4488400	0
bv	1	858358	861063	0.136004805847114	3669	611277	4494525	0
uv	1	858358	861063	0.1363309804706838	3669	612743	4494525	0
bv	1	861063	863779	0.1277862781082097	3692	577939	4522700	0
uv	1	861063	863779	0.129329603997612	3692	584919	4522700	0
bv	1	863779	866478	0.1333351324000674	3630	592908	4446750	0
uv	1	863779	866478	0.1340392421431382	3630	596039	4446750	0
uv	1	866478	869133	0.1325414428687352	3697	600257	4528825	0
bv	1	866478	869133	0.1340723035224368	3697	607190	4528825	0
bv	1	869133	871829	0.1378489538790043	3651	616526	4472475	0
uv	1	869133	871829	0.1367663318408711	3651	611684	4472475	0
bv	1	871829	874469	0.1413268086526163	3670	635370	4495750	0
uv	1	871829	874469	0.1376827003280876	3670	618987	4495750	0
bv	1	874469	877197	0.1354386509013374	3685	611387	4514125	0
uv	1	874469	877197	0.1306826904438844	3685	589918	4514125	0
uv	1	877197	879873	0.1395450727565776	3596	614710	4405100	0
bv	1	877197	879873	0.1397668611382261	3596	615687	4405100	0
bv	1	879873	882546	0.1369191447475126	3649	612032	4470025	0
uv	1	879873	882546	0.1410537972382704	3649	630514	4470025	0
bv	1	882546	885183	0.1417802771149343	3669	637235	4494525	0
uv	1	882546	885183	0.1426159605297556	3669	640991	4494525	0
bv	1	885183	887874	0.1400294759579686	3628	622333	4444300	0
uv	1	885183	887874	0.140264158585154	3628	623376	4444300	0
uv	1	887874	890589	0.1389742505508201	3668	624453	4493300	0
bv	1	887874	890589	0.1372899650590879	3668	616885	4493300	0
uv	1	890589	893279	0.1413882143574729	3555	615728	4354875	0
bv	1	890589	893279	0.1392956169809696	3555	606615	4354875	0
bv	1	893279	895989	0.1380477411192862	3678	621981	4505550	0
uv	1	893279	895989	0.1355084284937466	3678	610540	4505550	0
bv	1	895989	898648	0.1426488620139414	3645	636945	4465125	0
uv	1	895989	898648	0.144697628845777	3645	646093	4465125	0
bv	1	898648	901295	0.1381242021640871	3725	630278	4563125	0
uv	1	898648	901295	0.1389972880427338	3725	634262	4563125	0
bv	1	901295	904002	0.1458579110858746	3666	655026	4490850	0
uv	1	901295	904002	0.1430533195274836	3666	642431	4490850	0
uv	1	904002	906669	0.1381865776864007	3633	614989	4450425	0
bv	1	904002	906669	0.1378794160108304	3633	613622	4450425	0
bv	1	906669	909371	0.1417481333997013	3690	640737	4520250	0
uv	1	906669	909371	0.140499308666556	3690	635092	4520250	0
bv	1	909371	912036	0.1425013138896111	3689	643967	4519025	0
uv	1	909371	912036	0.1426679427531381	3689	644720	4519025	0
bv	1	912036	914686	0.1403315003315003	3663	629692	4487175	0
uv	1	912036	914686	0.1374682288968003	3663	616844	4487175	0
uv	1	914686	917335	0.1415726029825611	3684	638903	4512900	0
bv	1	914686	917335	0.1394626515101154	3684	629381	4512900	0
bv	1	917335	920007	0.1442962731218958	3653	645715	4474925	0
uv	1	917335	920007	0.1430321178567238	3653	640058	4474925	0
bv	1	920007	922700	0.1373950393827181	3687	620555	4516575	0
uv	1	920007	922700	0.1365293391563297	3687	616645	4516575	0
bv	1	922700	925377	0.1411361427687958	3696	639008	4527600	0
uv	1	922700	925377	0.1417890272992313	3696	641964	4527600	0
bv	1	925377	928040	0.1376783238940156	3607	608342	4418575	0
uv	1	925377	928040	0.141145731372671	3607	623663	4418575	0
bv	1	928040	930679	0.1401824457865153	3707	636579	4541075	0
uv	1	928040	930679	0.14106351469641	3707	640580	4541075	0
bv	1	930679	933324	0.1392591595582998	3639	620786	4457775	0
uv	1	930679	933324	0.1408292253422391	3639	627785	4457775	0
bv	1	933324	936013	0.1413101262303286	3670	635295	4495750	0
uv	1	933324	936013	0.1408087638325084	3670	633041	4495750	0
uv	1	936013	938694	0.1499924414210128	3645	669735	4465125	0
bv	1	936013	938694	0.1516591360824165	3645	677177	4465125	0
bv	1	938694	941373	0.1452361643347295	3664	651878	4488400	0
uv	1	938694	941373	0.1469075839942964	3664	659380	4488400	0
bv	1	941373	944058	0.140990556091931	3678	635240	4505550	0
uv	1	941373	944058	0.1424256750008323	3678	641706	4505550	0
bv	1	944058	946786	0.1471550806356216	3623	653100	4438175	0
uv	1	944058	946786	0.1455262579776597	3623	645871	4438175	0
bv	1	946786	949492	0.1342944403843846	3742	615599	4583950	0
uv	1	946786	949492	0.1352440580721866	3742	619952	4583950	0
bv	1	949492	952149	0.1352509924517752	3650	604741	4471250	0
uv	1	949492	952149	0.135789544310875	3650	607149	4471250	0
bv	1	952149	954874	0.1367160400612911	3676	615646	4503100	0
uv	1	952149	954874	0.1390557615864626	3676	626182	4503100	0
bv	1	954874	957603	0.1348343160311639	3662	604860	4485950	0
uv	1	954874	957603	0.1323354027574984	3662	593650	4485950	0
uv	1	957603	960365	0.1349003441109331	3594	593919	4402650	0
bv	1	957603	960365	0.1361087072558572	3594	599239	4402650	0
bv	1	960365	963045	0.1307536787367335	3642	583351	4461450	0
uv	1	960365	963045	0.1306499008169989	3642	582888	4461450	0
bv	1	963045	965730	0.1376820543715641	3523	594191	4315675	0
uv	1	963045	965730	0.1377172748179601	3523	594343	4315675	0
bv	1	965730	968440	0.1356962899820042	3663	608893	4487175	0
uv	1	965730	968440	0.135634781349067	3663	608617	4487175	0
uv	1	968440	971110	0.1357432133498202	3598	598295	4407550	0
bv	1	968440	971110	0.1409304488888384	3598	621158	4407550	0
bv	1	971110	973733	0.130412072875127	3654	583744	4476150	0
uv	1	971110	973733	0.1294842666130491	3654	579591	4476150	0
bv	1	973733	976452	0.1360976644487116	3656	609527	4478600	0
uv	1	973733	976452	0.1371799222971464	3656	614374	4478600	0
bv	1	976452	979113	0.1433387732669325	3639	638972	4457775	0
uv	1	976452	979113	0.1393533769649657	3639	621206	4457775	0
bv	1	979113	981821	0.1429663400697403	3693	646769	4523925	0
uv	1	979113	981821	0.1434336334046209	3693	648883	4523925	0
uv	1	981821	984449	0.1440295010179387	3719	656166	4555775	0
bv	1	981821	984449	0.1459716513655744	3719	665014	4555775	0
bv	1	984449	987135	0.1402007213423239	3644	625842	4463900	0
uv	1	984449	987135	0.1415116826093774	3644	631694	4463900	0
bv	1	987135	989791	0.1474015537400105	3662	661236	4485950	0
uv	1	987135	989791	0.1477312497910141	3662	662715	4485950	0
bv	1	989791	992469	0.1433245967406783	3683	646634	4511675	0
uv	1	989791	992469	0.1445888722037824	3683	652338	4511675	0
uv	1	992469	995133	0.1441430611693475	3701	653505	4533725	0
bv	1	992469	995133	0.1407546774451472	3701	638143	4533725	0
bv	1	995133	997787	0.1460884923483631	3582	641029	4387950	0
uv	1	995133	997787	0.1427297485158217	3582	626291	4387950	0
bv	1	997787	1000535	0.1436062963790913	3743	658460	4585175	0
uv	1	997787	1000535	0.1441004977999749	3743	660726	4585175	0
bv	1	1000535	1003209	0.1407147813253741	3706	638824	4539850	0
uv	1	1000535	1003209	0.1424822406026631	3706	646848	4539850	0
bv	1	1003209	1005869	0.1378756673645271	3597	607525	4406325	0
uv	1	1003209	1005869	0.1403235122239054	3597	618311	4406325	0
uv	1	1005869	1008617	0.1384463533402637	3730	632596	4569250	0
bv	1	1005869	1008617	0.1405797450347431	3730	642344	4569250	0
bv	1	1008617	1011378	0.1336655356931854	3627	593886	4443075	0
uv	1	1008617	1011378	0.1356589749216477	3627	602743	4443075	0
bv	1	1011378	1014068	0.1394431709434046	3668	626560	4493300	0
uv	1	1011378	1014068	0.1357875058420314	3668	610134	4493300	0
bv	1	1014068	1016756	0.1431975056689342	3600	631501	4410000	0
uv	1	1014068	1016756	0.1445829931972789	3600	637611	4410000	0
bv	1	1016756	1019425	0.1417063215530114	3690	640548	4520250	0
uv	1	1016756	1019425	0.1409453016979149	3690	637108	4520250	0
bv	1	1019425	1022111	0.1447271078575022	3691	654380	4521475	0
uv	1	1019425	1022111	0.1454386013413764	3691	657597	4521475	0
bv	1	1022111	1024879	0.1353150148948468	3672	608674	4498200	0
uv	1	1022111	1024879	0.1363405362144858	3672	613287	4498200	0
bv	1	1024879	1027580	0.1420417067836133	3667	638062	4492075	0
uv	1	1024879	1027580	0.1411160766460934	3667	633904	4492075	0
bv	1	1027580	1030280	0.1357254965986394	3750	623489	4593750	0
uv	1	1027580	1030280	0.1354999727891156	3750	622453	4593750	0
uv	1	1030280	1032961	0.1430556484889037	3660	641390	4483500	0
bv	1	1030280	1032961	0.1380316716850674	3660	618865	4483500	0
bv	1	1032961	1035638	0.1483048637957385	3632	659838	4449200	0
uv	1	1032961	1035638	0.1501117054751416	3632	667877	4449200	0
bv	1	1035638	1038314	0.1385979798657343	3651	619876	4472475	0
uv	1	1035638	1038314	0.1399223025282422	3651	625799	4472475	0
bv	1	1038314	1041041	0.1351773439648061	3637	602259	4455325	0
uv	1	1038314	1041041	0.1392690768911358	3637	620489	4455325	0
bv	1	1041041	1043719	0.1375137533274179	3680	619912	4508000	0
uv	1	1041041	1043719	0.1443509316770186	3680	650734	4508000	0
bv	1	1043719	1046443	0.1401240682319439	3655	627388	4477375	0
uv	1	1043719	1046443	0.1416037298640386	3655	634013	4477375	0
bv	1	1046443	1049153	0.1405309413173109	3597	619225	4406325	0
uv	1	1046443	1049153	0.1445492558991903	3597	636931	4406325	0
bv	1	1049153	1051749	0.1382229199372056	3640	616336	4459000	0
uv	1	1049153	1051749	0.1401123570307244	3640	624761	4459000	0
uv	1	1051749	1054445	0.1390207160450387	3712	632155	4547200	0
bv	1	1051749	1054445	0.1367311752287121	3712	621744	4547200	0
bv	1	1054445	1057066	0.1333874429312834	3661	598206	4484725	0
uv	1	1054445	1057066	0.1369510951061659	3661	614188	4484725	0
bv	1	1057066	1059787	0.1393777658725508	3657	624388	4479825	0
uv	1	1057066	1059787	0.1388996221950634	3657	622246	4479825	0
bv	1	1059787	1062449	0.1417906877975724	3652	634329	4473700	0
uv	1	1059787	1062449	0.1449062297427185	3652	648267	4473700	0
uv	1	1062449	1065150	0.1358331615474472	3564	593034	4365900	0
bv	1	1062449	1065150	0.1357310062071967	3564	592588	4365900	0
bv	1	1065150	1067783	0.1329222657864459	3654	594980	4476150	0
uv	1	1065150	1067783	0.1348714855400288	3654	603705	4476150	0
bv	1	1067783	1070475	0.1380476097669627	3665	619782	4489625	0
uv	1	1067783	1070475	0.1423412868558064	3665	639059	4489625	0
bv	1	1070475	1073161	0.1374694330813947	3602	606577	4412450	0
uv	1	1070475	1073161	0.1382359006900928	3602	609959	4412450	0
uv	1	1073161	1075819	0.1440833022600914	3667	647233	4492075	0
bv	1	1073161	1075819	0.1443983014531146	3667	648648	4492075	0
uv	1	1075819	1078498	0.1402836613282414	3698	635492	4530050	0
bv	1	1075819	1078498	0.1381494685489122	3698	625824	4530050	0
bv	1	1078498	1081197	0.1399228034314418	3754	643456	4598650	0
uv	1	1078498	1081197	0.1416059060811325	3754	651196	4598650	0
bv	1	1081197	1083930	0.1451587085745367	3677	653842	4504325	0
uv	1	1081197	1083930	0.1452916918739211	3677	654441	4504325	0
bv	1	1083930	1086621	0.1400814572404304	3723	638866	4560675	0
uv	1	1083930	1086621	0.1459834344696783	3723	665783	4560675	0
bv	1	1086621	1089272	0.1429808968791485	3628	635450	4444300	0
uv	1	1086621	1089272	0.1471496073622392	3628	653977	4444300	0
bv	1	1089272	1091968	0.1379160318078185	3670	620036	4495750	0
uv	1	1089272	1091968	0.1408532502919424	3670	633241	4495750	0
bv	1	1091968	1094711	0.1404335343734004	3668	631010	4493300	0
uv	1	1091968	1094711	0.1418774619989762	3668	637498	4493300	0
bv	1	1094711	1097391	0.1357798675025565	3672	610765	4498200	0
uv	1	1094711	1097391	0.1396238495398159	3672	628056	4498200	0
uv	1	1097391	1100034	0.1408536144209524	3667	632725	4492075	0
bv	1	1097391	1100034	0.1388454110850776	3667	623704	4492075	0
bv	1	1100034	1102719	0.1361765528129059	3723	621057	4560675	0
uv	1	1100034	1102719	0.1409659754312684	3723	642900	4560675	0
bv	1	1102719	1105442	0.1405123083052302	3637	626028	4455325	0
uv	1	1102719	1105442	0.1409068923142531	3637	627786	4455325	0
bv	1	1105442	1108088	0.1415922330097087	3605	625289	4416125	0
uv	1	1105442	1108088	0.1450640550256163	3605	640621	4416125	0
uv	1	1108088	1110853	0.1439880069996321	3662	645923	4485950	0
bv	1	1108088	1110853	0.1389567427189335	3662	623353	4485950	0
bv	1	1110853	1113569	0.143035898894535	3731	653742	4570475	0
uv	1	1110853	1113569	0.1464427657956777	3731	669313	4570475	0
bv	1	1113569	1116244	0.1397858109414266	3695	632723	4526375	0
uv	1	1113569	1116244	0.1429318162989147	3695	646963	4526375	0
bv	1	1116244	1118901	0.1336491487786824	3667	600362	4492075	0
uv	1	1116244	1118901	0.1322250852890924	3667	593965	4492075	0
bv	1	1118901	1121608	0.1351753983785295	3650	604403	4471250	0
uv	1	1118901	1121608	0.1363032708974	3650	609446	4471250	0
uv	1	1121608	1124285	0.1470966090281217	3667	660769	4492075	0
bv	1	1121608	1124285	0.1459919970169687	3667	655807	4492075	0
uv	1	1124285	1126972	0.1343812560407941	3674	604803	4500650	0
bv	1	1124285	1126972	0.1326719473853776	3674	597110	4500650	0
bv	1	1126972	1129731	0.1369007207754549	3695	619664	4526375	0
uv	1	1126972	1129731	0.1408003092982795	3695	637315	4526375	0
bv	1	1129731	1132425	0.1311056484032578	3711	596003	4545975	0
uv	1	1129731	1132425	0.1318326651598391	3711	599308	4545975	0
bv	1	1132425	1135113	0.1387082160450387	3712	630734	4547200	0
uv	1	1132425	1135113	0.1404563247712878	3712	638683	4547200	0
bv	1	1135113	1137756	0.1369138222974779	3664	614524	4488400	0
uv	1	1135113	1137756	0.1418621334996881	3664	636734	4488400	0
uv	1	1137756	1140411	0.1467394195157869	3714	667613	4549650	0
bv	1	1137756	1140411	0.1417698064686294	3714	645003	4549650	0
bv	1	1140411	1143095	0.1385391638095986	3637	617237	4455325	0
uv	1	1140411	1143095	0.1403120984439967	3637	625136	4455325	0
bv	1	1143095	1145818	0.1338764617135885	3747	614503	4590075	0
uv	1	1143095	1145818	0.1348489948421322	3747	618967	4590075	0
bv	1	1145818	1148512	0.1402893645262983	3690	634143	4520250	0
uv	1	1145818	1148512	0.1461697914938333	3690	660724	4520250	0
uv	1	1148512	1151230	0.1387621204851541	3658	621800	4481050	0
bv	1	1148512	1151230	0.1364486002164671	3658	611433	4481050	0
bv	1	1151230	1153930	0.1382476917682808	3667	621019	4492075	0
uv	1	1151230	1153930	0.1395600028939855	3667	626914	4492075	0
bv	1	1153930	1156617	0.1318344833796728	3626	585589	4441850	0
uv	1	1153930	1156617	0.1345862647320373	3626	597812	4441850	0
bv	1	1156617	1159283	0.139916944168024	3671	629203	4496975	0
uv	1	1156617	1159283	0.1413930475486299	3671	635841	4496975	0
bv	1	1159283	1161986	0.1440620586109103	3670	647667	4495750	0
uv	1	1159283	1161986	0.1455888338986821	3670	654531	4495750	0
bv	1	1161986	1164709	0.1390356153700592	3559	606164	4359775	0
uv	1	1161986	1164709	0.1415254227569083	3559	617019	4359775	0
bv	1	1164709	1167467	0.137289510758559	3607	606624	4418575	0
uv	1	1164709	1167467	0.1400007921105786	3607	618604	4418575	0
bv	1	1167467	1170122	0.1415685276604407	3609	625878	4421025	0
uv	1	1167467	1170122	0.1454307541803088	3609	642953	4421025	0
uv	1	1170122	1172824	0.1461479028697571	3624	648809	4439400	0
bv	1	1170122	1172824	0.1441908816506735	3624	640121	4439400	0
bv	1	1172824	1175525	0.1441484355271917	3556	627925	4356100	0
uv	1	1172824	1175525	0.1431714147976401	3556	623669	4356100	0
bv	1	1175525	1178200	0.1394399199724198	3611	616809	4423475	0
uv	1	1175525	1178200	0.1448935508847681	3611	640933	4423475	0
bv	1	1178200	1180883	0.1439030683284174	3591	633026	4398975	0
uv	1	1178200	1180883	0.1455357213896419	3591	640208	4398975	0
bv	1	1180883	1183613	0.1422061597190065	3614	629568	4427150	0
uv	1	1180883	1183613	0.1432413629535931	3614	634151	4427150	0
bv	1	1183613	1186309	0.143837597330367	3596	633619	4405100	0
uv	1	1183613	1186309	0.1418267462713672	3596	624761	4405100	0
bv	1	1186309	1188984	0.1416633137477275	3581	621438	4386725	0
uv	1	1186309	1188984	0.144964637628299	3581	635920	4386725	0
bv	1	1188984	1191640	0.1388529588498431	3668	623908	4493300	0
uv	1	1188984	1191640	0.1405893218792424	3668	631710	4493300	0
uv	1	1191640	1194383	0.1471538962325568	3605	649850	4416125	0
bv	1	1191640	1194383	0.1469867813977186	3605	649112	4416125	0
bv	1	1194383	1197079	0.1355584742147684	3636	603791	4454100	0
uv	1	1194383	1197079	0.1376331918906176	3636	613032	4454100	0
bv	1	1197079	1199754	0.1396065292765592	3667	627123	4492075	0
uv	1	1197079	1199754	0.1375026018042886	3667	617672	4492075	0
bv	1	1199754	1202485	0.1430698649304026	3661	641629	4484725	0
uv	1	1199754	1202485	0.141638116049479	3661	635208	4484725	0
uv	1	1202485	1205197	0.1346536123404997	3629	598606	4445525	0
bv	1	1202485	1205197	0.1356132290336912	3629	602872	4445525	0
bv	1	1205197	1207895	0.1351747028481722	3640	602744	4459000	0
uv	1	1205197	1207895	0.1359136577708006	3640	606039	4459000	0
bv	1	1207895	1210641	0.1352073622292081	3577	592455	4381825	0
uv	1	1207895	1210641	0.1388658835074426	3577	608486	4381825	0
bv	1	1210641	1213354	0.1361719505883941	3628	605189	4444300	0
uv	1	1210641	1213354	0.1364797605922192	3628	606557	4444300	0
bv	1	1213354	1216044	0.1402001677383282	3650	626870	4471250	0
uv	1	1213354	1216044	0.1378753145093653	3650	616475	4471250	0
uv	1	1216044	1218747	0.1359743107769423	3648	607642	4468800	0
bv	1	1216044	1218747	0.1347791353383458	3648	602301	4468800	0
bv	1	1218747	1221461	0.1364132877820731	3632	606930	4449200	0
uv	1	1218747	1221461	0.1389519464173334	3632	618225	4449200	0
bv	1	1221461	1224198	0.1451797862001943	3696	657316	4527600	0
uv	1	1221461	1224198	0.1416766057072179	3696	641455	4527600	0
bv	1	1224198	1226948	0.1422764685984891	3620	630925	4434500	0
uv	1	1224198	1226948	0.1431550343894463	3620	634821	4434500	0
bv	1	1226948	1229658	0.1406583132421021	3606	621337	4417350	0
uv	1	1226948	1229658	0.143677544229006	3606	634674	4417350	0
bv	1	1229658	1232381	0.1309643466507124	3684	591029	4512900	0
uv	1	1229658	1232381	0.1356134636264929	3684	612010	4512900	0
bv	1	1232381	1235032	0.1403387589853755	3705	636945	4538625	0
uv	1	1232381	1235032	0.1428260761794596	3705	648234	4538625	0
bv	1	1235032	1237750	0.1436063678456664	3601	633480	4411225	0
uv	1	1235032	1237750	0.142607098935103	3601	629072	4411225	0
uv	1	1237750	1240470	0.1414595669514403	3674	636660	4500650	0
bv	1	1237750	1240470	0.1379651828069278	3674	620933	4500650	0
bv	1	1240470	1243181	0.1408429025435459	3686	635955	4515350	0
uv	1	1240470	1243181	0.1418554486363183	3686	640527	4515350	0
bv	1	1243181	1245849	0.1393653719552337	3720	635088	4557000	0
uv	1	1243181	1245849	0.1341863067807768	3720	611487	4557000	0
bv	1	1245849	1248570	0.1381294192553868	3654	618288	4476150	0
uv	1	1245849	1248570	0.1377094154574802	3654	616408	4476150	0
uv	1	1248570	1251186	0.1382677236183729	3630	614842	4446750	0
bv	1	1248570	1251186	0.1335719345589475	3630	593961	4446750	0
bv	1	1251186	1253935	0.1358065646536619	3669	610386	4494525	0
uv	1	1251186	1253935	0.139373126192423	3669	626416	4494525	0
bv	1	1253935	1256655	0.1328697990824236	3612	587909	4424700	0
uv	1	1253935	1256655	0.1386159513639343	3612	613334	4424700	0
bv	1	1256655	1259360	0.1397488054302683	3656	625879	4478600	0
uv	1	1256655	1259360	0.1436975840664493	3656	643564	4478600	0
uv	1	1259360	1262085	0.1338935847609752	3513	576201	4303425	0
bv	1	1259360	1262085	0.1345795500095853	3513	579153	4303425	0
uv	1	1262085	1264827	0.1378593980566305	3665	618937	4489625	0
bv	1	1262085	1264827	0.135883063730267	3665	610064	4489625	0
bv	1	1264827	1267606	0.1428505060560809	3567	624196	4369575	0
uv	1	1264827	1267606	0.1415151359113872	3567	618361	4369575	0
bv	1	1267606	1270318	0.1397759081660678	3641	623432	4460225	0
uv	1	1267606	1270318	0.1460859037380401	3641	651576	4460225	0
bv	1	1270318	1272981	0.1384498313328626	3642	617687	4461450	0
uv	1	1270318	1272981	0.13991482589741	3642	624223	4461450	0
bv	1	1272981	1275729	0.138310564815124	3666	621132	4490850	0
uv	1	1272981	1275729	0.1428854225814712	3666	641677	4490850	0
bv	1	1275729	1278374	0.1404477754708169	3627	624020	4443075	0
uv	1	1275729	1278374	0.1400604311203389	3627	622299	4443075	0
bv	1	1278374	1281066	0.146409548794476	3594	644590	4402650	0
uv	1	1278374	1281066	0.1440341612437963	3594	634132	4402650	0
bv	1	1281066	1283783	0.1395349925879691	3662	625947	4485950	0
uv	1	1281066	1283783	0.1433214815145064	3662	642933	4485950	0
uv	1	1283783	1286485	0.1405967746539175	3575	615726	4379375	0
bv	1	1283783	1286485	0.1393746824603967	3575	610374	4379375	0
bv	1	1286485	1289195	0.1400356801963547	3592	616185	4400200	0
uv	1	1286485	1289195	0.14155288395982	3592	622861	4400200	0
bv	1	1289195	1291861	0.1418938511895608	3716	645915	4552100	0
uv	1	1289195	1291861	0.1454280441993805	3716	662003	4552100	0
bv	1	1291861	1294567	0.1396845081939286	3594	614982	4402650	0
uv	1	1291861	1294567	0.1384488887374649	3594	609542	4402650	0
uv	1	1294567	1297294	0.1436952410274454	3712	653411	4547200	0
bv	1	1294567	1297294	0.1440745953553835	3712	655136	4547200	0
bv	1	1297294	1300023	0.1472487528344671	3600	649367	4410000	0
uv	1	1297294	1300023	0.1462843537414966	3600	645114	4410000	0
bv	1	1300023	1302725	0.1406161402320264	3615	622701	4428375	0
uv	1	1300023	1302725	0.1427747198464448	3615	632260	4428375	0
bv	1	1302725	1305455	0.139481663256805	3601	615285	4411225	0
uv	1	1302725	1305455	0.1399479736354414	3601	617342	4411225	0
bv	1	1305455	1308142	0.1426555561099745	3681	643266	4509225	0
uv	1	1305455	1308142	0.1438096346933231	3681	648470	4509225	0
bv	1	1308142	1310905	0.1324060834524892	3611	585695	4423475	0
uv	1	1308142	1310905	0.1337326423230604	3611	591563	4423475	0
uv	1	1310905	1313587	0.1441065356375108	3655	645219	4477375	0
bv	1	1310905	1313587	0.1424819230017588	3655	637945	4477375	0
bv	1	1313587	1316315	0.144895855819952	3687	654433	4516575	0
uv	1	1313587	1316315	0.1490277477956194	3687	673095	4516575	0
bv	1	1316315	1319058	0.1423027820993868	3568	621977	4370800	0
uv	1	1316315	1319058	0.1444083462981605	3568	631180	4370800	0
bv	1	1319058	1321763	0.140737985334979	3621	624275	4435725	0
uv	1	1319058	1321763	0.1475208675019303	3621	654362	4435725	0
bv	1	1321763	1324399	0.1435546300152714	3675	646265	4501875	0
uv	1	1321763	1324399	0.145606886019714	3675	655504	4501875	0
bv	1	1324399	1327080	0.1471254826990844	3747	675317	4590075	0
uv	1	1324399	1327080	0.1495271863749503	3747	686341	4590075	0
bv	1	1327080	1329776	0.1442203331900021	3702	654032	4534950	0
uv	1	1327080	1329776	0.1451107509454349	3702	658070	4534950	0
bv	1	1329776	1332508	0.1432387816656687	3647	639930	4467575	0
uv	1	1329776	1332508	0.1429574209722276	3647	638673	4467575	0
uv	1	1332508	1335194	0.1347483294452572	3613	596386	4425925	0
bv	1	1332508	1335194	0.1387077277631229	3613	613910	4425925	0
bv	1	1335194	1337922	0.1408440934857406	3719	641654	4555775	0
uv	1	1335194	1337922	0.1414876722401786	3719	644586	4555775	0
bv	1	1337922	1340666	0.1403915035401916	3724	640452	4561900	0
uv	1	1337922	1340666	0.1424215787281615	3724	649713	4561900	0
bv	1	1340666	1343364	0.1344791506560783	3585	590582	4391625	0
uv	1	1340666	1343364	0.1370765946545982	3585	601989	4391625	0
uv	1	1343364	1346103	0.1416003491093743	3601	624631	4411225	0
bv	1	1343364	1346103	0.139870897539799	3601	617002	4411225	0
bv	1	1346103	1348774	0.1319985442736765	3645	589390	4465125	0
uv	1	1346103	1348774	0.1362309005906889	3645	608288	4465125	0
bv	1	1348774	1351484	0.1404842213357557	3617	622461	4430825	0
uv	1	1348774	1351484	0.1451081909125275	3617	642949	4430825	0
bv	1	1351484	1354216	0.1392955157573233	3675	627091	4501875	0
uv	1	1351484	1354216	0.1417771484103845	3675	638263	4501875	0
bv	1	1354216	1356901	0.1413061674504421	3628	628007	4444300	0
uv	1	1354216	1356901	0.1421548950340886	3628	631779	4444300	0
uv	1	1356901	1359586	0.1439028944911297	3672	647304	4498200	0
bv	1	1356901	1359586	0.1458823529411764	3672	656208	4498200	0
bv	1	1359586	1362297	0.1379504445203829	3643	615628	4462675	0
uv	1	1359586	1362297	0.1374886138918922	3643	613567	4462675	0
bv	1	1362297	1364968	0.1340484679728796	3606	592139	4417350	0
uv	1	1362297	1364968	0.1400545575967491	3606	618670	4417350	0
bv	1	1364968	1367642	0.134671729156779	3612	595882	4424700	0
uv	1	1364968	1367642	0.140695188374353	3612	622534	4424700	0
uv	1	1367642	1370346	0.1377171051907001	3706	625215	4539850	0
bv	1	1367642	1370346	0.1343973919843166	3706	610144	4539850	0
bv	1	1370346	1373024	0.1332800152124428	3649	595765	4470025	0
uv	1	1370346	1373024	0.1365987885973792	3649	610600	4470025	0
bv	1	1373024	1375735	0.1405710291727454	3679	633522	4506775	0
uv	1	1373024	1375735	0.1403140826866218	3679	632364	4506775	0
bv	1	1375735	1378471	0.1413471062843742	3655	632864	4477375	0
uv	1	1375735	1378471	0.1429145425612105	3655	639882	4477375	0
bv	1	1378471	1381179	0.1351133598198014	3606	596843	4417350	0
uv	1	1378471	1381179	0.1359086330039503	3606	600356	4417350	0
uv	1	1381179	1383922	0.1381184668989547	3649	617393	4470025	0
bv	1	1381179	1383922	0.1347428705656008	3649	602304	4470025	0
bv	1	1383922	1386637	0.1401613722412041	3536	607123	4331600	0
uv	1	1383922	1386637	0.1417402345553606	3536	613962	4331600	0
bv	1	1386637	1389381	0.1371381319892896	3628	609483	4444300	0
uv	1	1386637	1389381	0.1402344576198726	3628	623244	4444300	0
bv	1	1389381	1392115	0.1415860255188175	3554	616416	4353650	0
uv	1	1389381	1392115	0.1423885705098021	3554	619910	4353650	0
bv	1	1392115	1394818	0.1387495281028624	3676	624803	4503100	0
uv	1	1392115	1394818	0.1351771002198485	3676	608716	4503100	0
bv	1	1394818	1397516	0.1372350339199298	3631	610418	4447975	0
uv	1	1394818	1397516	0.1366372337974022	3631	607759	4447975	0
bv	1	1397516	1400243	0.1401967470115618	3645	625996	4465125	0
uv	1	1397516	1400243	0.1395891492399429	3645	623283	4465125	0
bv	1	1400243	1402865	0.145625934324347	3645	650238	4465125	0
uv	1	1400243	1402865	0.1464494275076285	3645	653915	4465125	0
uv	1	1402865	1405582	0.1371056694350849	3622	608331	4436950	0
bv	1	1402865	1405582	0.1343936713282773	3622	596298	4436950	0
uv	1	1405582	1408294	0.1433838699593623	3656	642159	4478600	0
bv	1	1405582	1408294	0.1427209395793328	3656	639190	4478600	0
bv	1	1408294	1411035	0.1385543032378828	3587	608818	4394075	0
uv	1	1408294	1411035	0.1412675022615681	3587	620740	4394075	0
bv	1	1411035	1413700	0.1403141499908966	3699	635802	4531275	0
uv	1	1411035	1413700	0.1410245460714699	3699	639021	4531275	0
bv	1	1413700	1416408	0.138622308582211	3634	617098	4451650	0
uv	1	1413700	1416408	0.140832275673065	3634	626936	4451650	0
bv	1	1416408	1419133	0.146344511372831	3632	651116	4449200	0
uv	1	1416408	1419133	0.1519936168299919	3632	676250	4449200	0
uv	1	1419133	1421822	0.1427299488148327	3716	649721	4552100	0
bv	1	1419133	1421822	0.1394567342545199	3716	634821	4552100	0
bv	1	1421822	1424521	0.1389791452686107	3656	622432	4478600	0
uv	1	1421822	1424521	0.144166480596615	3656	645664	4478600	0
bv	1	1424521	1427159	0.1396745636592438	3730	638208	4569250	0
uv	1	1424521	1427159	0.1466481370027904	3730	670072	4569250	0
bv	1	1427159	1429865	0.1371467152332159	3597	604313	4406325	0
uv	1	1427159	1429865	0.1382741854039363	3597	609281	4406325	0
uv	1	1429865	1432558	0.1419320454483529	3745	651131	4587625	0
bv	1	1429865	1432558	0.1416674205062532	3745	649917	4587625	0
bv	1	1432558	1435260	0.1374193185271902	3626	610396	4441850	0
uv	1	1432558	1435260	0.1390287830521066	3626	617545	4441850	0
bv	1	1435260	1437906	0.1397729655594534	3601	616570	4411225	0
uv	1	1435260	1437906	0.1405969996996299	3601	620205	4411225	0
bv	1	1437906	1440638	0.1485403800609638	3602	655427	4412450	0
uv	1	1437906	1440638	0.1502521275028612	3602	662980	4412450	0
bv	1	1440638	1443381	0.1446316486451605	3637	644381	4455325	0
uv	1	1440638	1443381	0.1465832458911527	3637	653076	4455325	0
bv	1	1443381	1446086	0.1397341240643723	3689	631462	4519025	0
uv	1	1443381	1446086	0.1433486205542124	3689	647796	4519025	0
bv	1	1446086	1448803	0.1419737088994602	3698	643148	4530050	0
uv	1	1446086	1448803	0.1459502654496087	3698	661162	4530050	0
bv	1	1448803	1451473	0.1431661428128735	3688	646796	4517800	0
uv	1	1448803	1451473	0.1454763380406392	3688	657233	4517800	0
uv	1	1451473	1454148	0.1470662770785412	3611	650544	4423475	0
bv	1	1451473	1454148	0.1415371399182769	3611	626086	4423475	0
bv	1	1454148	1456800	0.1412487825000859	3562	616332	4363450	0
uv	1	1454148	1456800	0.1441859079398182	3562	629148	4363450	0
bv	1	1456800	1459498	0.1365718927701056	3693	617841	4523925	0
uv	1	1456800	1459498	0.1393900208336787	3693	630590	4523925	0
bv	1	1459498	1462169	0.137796922515162	3577	603802	4381825	0
uv	1	1459498	1462169	0.1419778288726729	3577	622122	4381825	0
bv	1	1462169	1464816	0.144786641929499	3674	651634	4500650	0
uv	1	1462169	1464816	0.1479770699787808	3674	665993	4500650	0
bv	1	1464816	1467546	0.1341046325072085	3638	597644	4456550	0
uv	1	1464816	1467546	0.1383509665548462	3638	616568	4456550	0
bv	1	1467546	1470258	0.1352727190793513	3623	600364	4438175	0
uv	1	1467546	1470258	0.1381078934471939	3623	612947	4438175	0
bv	1	1470258	1472957	0.1338868532404624	3598	590113	4407550	0
uv	1	1470258	1472957	0.1366015133123844	3598	602078	4407550	0
uv	1	1472957	1475645	0.1404632220781289	3588	617378	4395300	0
bv	1	1472957	1475645	0.1404841535276318	3588	617470	4395300	0
bv	1	1475645	1478305	0.1349693237883869	3669	606623	4494525	0
uv	1	1475645	1478305	0.1373709123878496	3669	617417	4494525	0
bv	1	1478305	1480991	0.1386668448066624	3666	622732	4490850	0
uv	1	1478305	1480991	0.1432857922219624	3666	643475	4490850	0
bv	1	1480991	1483728	0.1385163876871503	3604	611536	4414900	0
uv	1	1480991	1483728	0.1428664295907042	3604	630741	4414900	0
uv	1	1483728	1486418	0.139070876848828	3662	623865	4485950	0
bv	1	1483728	1486418	0.137223553539384	3662	615578	4485950	0
bv	1	1486418	1489093	0.1393100229473766	3673	626815	4499425	0
uv	1	1486418	1489093	0.1428655883807375	3673	642813	4499425	0
bv	1	1489093	1491787	0.1453676523670692	3675	654427	4501875	0
uv	1	1489093	1491787	0.1461850895460225	3675	658107	4501875	0
bv	1	1491787	1494426	0.141466895323382	3701	641372	4533725	0
uv	1	1491787	1494426	0.1392682617494444	3701	631404	4533725	0
bv	1	1494426	1497097	0.1418799152806738	3729	648111	4568025	0
uv	1	1494426	1497097	0.1416130603488378	3729	646892	4568025	0
bv	1	1497097	1499813	0.1415512839518374	3717	644529	4553325	0
uv	1	1497097	1499813	0.1377718480451099	3717	627320	4553325	0
bv	1	1499813	1500000	0.1454652369422345	236	42054	289100	0
uv	1	1499813	1500000	0.1476513317191283	236	42686	289100	0
