pop1	pop2	chromosome	window_pos_1	window_pos_2	avg_dxy	no_sites	count_diffs	count_comparisons	count_missing
bv	uv	1	1	1528	0.1205145998778252	1637	493206	4092500	0
bv	uv	1	1528	3063	0.1168511685116851	1626	475000	4065000	0
bv	uv	1	3063	4559	0.1200498150431566	1622	486802	4055000	0
bv	uv	1	4559	6083	0.1267371356147021	1578	499978	3945000	0
bv	uv	1	6083	7621	0.117710259579728	1618	476138	4045000	0
bv	uv	1	7621	9151	0.1207810564663023	1647	497316	4117500	0
bv	uv	1	9151	10700	0.1169607678464307	1667	487434	4167500	0
bv	uv	1	10700	12251	0.1163213633597078	1643	477790	4107500	0
bv	uv	1	12251	13826	0.1136290819470117	1623	461050	4057500	0
bv	uv	1	13826	15343	0.1145909424724602	1634	468104	4085000	0
bv	uv	1	15343	16897	0.1215505205143906	1633	496230	4082500	0
bv	uv	1	16897	18436	0.1163399515738498	1652	480484	4130000	0
bv	uv	1	18436	19958	0.1254990196078431	1632	512036	4080000	0
bv	uv	1	19958	21438	0.1252656790123456	1620	507326	4050000	0
bv	uv	1	21438	22980	0.1167069072806471	1607	468870	4017500	0
bv	uv	1	22980	24507	0.1181955882352941	1632	482238	4080000	0
bv	uv	1	24507	26076	0.1171503614457831	1660	486174	4150000	0
bv	uv	1	26076	27650	0.1253996224040277	1589	498150	3972500	0
bv	uv	1	27650	29199	0.1256319003115265	1605	504098	4012500	0
bv	uv	1	29199	30753	0.1245542257865515	1621	504756	4052500	0
bv	uv	1	30753	32266	0.1229551020408163	1568	481984	3920000	0
bv	uv	1	32266	33822	0.1184737304075235	1595	472414	3987500	0
bv	uv	1	33822	35380	0.1148037105751391	1617	464094	4042500	0
bv	uv	1	35380	36939	0.124152427184466	1648	511508	4120000	0
bv	uv	1	36939	38458	0.1186740603820086	1623	481520	4057500	0
bv	uv	1	38458	40003	0.1204653111521873	1623	488788	4057500	0
bv	uv	1	40003	41517	0.1182263414634146	1640	484728	4100000	0
bv	uv	1	41517	43055	0.1225531806615776	1572	481634	3930000	0
bv	uv	1	43055	44571	0.1224408113091579	1627	498028	4067500	0
bv	uv	1	44571	46118	0.1198038581207218	1607	481312	4017500	0
bv	uv	1	46118	47655	0.1244772532188841	1631	507556	4077500	0
bv	uv	1	47655	49231	0.1164855721393034	1608	468272	4020000	0
bv	uv	1	49231	50770	0.1216527363184079	1608	489044	4020000	0
bv	uv	1	50770	52272	0.1255177478580171	1634	512740	4085000	0
bv	uv	1	52272	53769	0.1198671604938271	1620	485462	4050000	0
bv	uv	1	53769	55309	0.1298038060159607	1629	528626	4072500	0
bv	uv	1	55309	56894	0.1177854338188727	1579	464958	3947500	0
bv	uv	1	56894	58409	0.1225748311847759	1629	499186	4072500	0
bv	uv	1	58409	59962	0.1234226391494684	1599	493382	3997500	0
bv	uv	1	59962	61460	0.1223381160324391	1603	490270	4007500	0
bv	uv	1	61460	62945	0.1201994093325457	1693	508744	4232500	0
bv	uv	1	62945	64513	0.1253342995169082	1656	518884	4140000	0
bv	uv	1	64513	66039	0.1253072929542645	1618	506868	4045000	0
bv	uv	1	66039	67556	0.1254583638583638	1638	513752	4095000	0
bv	uv	1	67556	69074	0.1242428833231521	1637	508464	4092500	0
bv	uv	1	69074	70602	0.1206521847690387	1602	483212	4005000	0
bv	uv	1	70602	72095	0.1180239103362391	1606	473866	4015000	0
bv	uv	1	72095	73665	0.1205305053025577	1603	483026	4007500	0
bv	uv	1	73665	75234	0.114140675844806	1598	455992	3995000	0
bv	uv	1	75234	76752	0.1207575046324891	1619	488766	4047500	0
bv	uv	1	76752	78247	0.1267354679802955	1624	514546	4060000	0
bv	uv	1	78247	79802	0.121226213592233	1648	499452	4120000	0
bv	uv	1	79802	81385	0.125130900243309	1644	514288	4110000	0
bv	uv	1	81385	82896	0.1250675047140163	1591	497456	3977500	0
bv	uv	1	82896	84441	0.1264463262764632	1606	507682	4015000	0
bv	uv	1	84441	86005	0.1222055521283158	1621	495238	4052500	0
bv	uv	1	86005	87541	0.1231526802218114	1623	499692	4057500	0
bv	uv	1	87541	89056	0.1180653822249844	1609	474918	4022500	0
bv	uv	1	89056	90591	0.1190561403508772	1596	475034	3990000	0
bv	uv	1	90591	92127	0.1213670276774969	1662	504280	4155000	0
bv	uv	1	92127	93652	0.1268462111801242	1610	510556	4025000	0
bv	uv	1	93652	95128	0.124883129584352	1636	510772	4090000	0
bv	uv	1	95128	96659	0.1224675422138836	1599	489564	3997500	0
bv	uv	1	96659	98215	0.1209514443761524	1627	491970	4067500	0
bv	uv	1	98215	99750	0.1298468887492143	1591	516466	3977500	0
bv	uv	1	99750	101322	0.1188292215568862	1670	496112	4175000	0
bv	uv	1	101322	102885	0.1198246041412911	1642	491880	4105000	0
bv	uv	1	102885	104479	0.1227086463923673	1677	514456	4192500	0
bv	uv	1	104479	105974	0.1196494769230769	1625	486076	4062500	0
bv	uv	1	105974	107543	0.1227799247176913	1594	489278	3985000	0
bv	uv	1	107543	109044	0.123402562538133	1639	505642	4097500	0
bv	uv	1	109044	110540	0.1158088272383354	1586	459182	3965000	0
bv	uv	1	110540	112029	0.1160258555133079	1578	457722	3945000	0
bv	uv	1	112029	113574	0.1159249845774213	1621	469786	4052500	0
bv	uv	1	113574	115116	0.1188470012239902	1634	485490	4085000	0
bv	uv	1	115116	116685	0.1194076260762607	1626	485392	4065000	0
bv	uv	1	116685	118179	0.1179226600985221	1624	478766	4060000	0
bv	uv	1	118179	119728	0.1104683636363636	1650	455682	4125000	0
bv	uv	1	119728	121329	0.1197062119366626	1642	491394	4105000	0
bv	uv	1	121329	122845	0.1224300863131935	1622	496454	4055000	0
bv	uv	1	122845	124376	0.123639902676399	1644	508160	4110000	0
bv	uv	1	124376	125927	0.1253315533980582	1648	516366	4120000	0
bv	uv	1	125927	127466	0.1273102781136638	1654	526428	4135000	0
bv	uv	1	127466	128996	0.1275552855407047	1646	524890	4115000	0
bv	uv	1	128996	130549	0.1302436385986478	1627	529766	4067500	0
bv	uv	1	130549	132073	0.1235229488703923	1682	519414	4205000	0
bv	uv	1	132073	133585	0.1254563204005006	1598	501198	3995000	0
bv	uv	1	133585	135074	0.1263781420765027	1647	520362	4117500	0
bv	uv	1	135074	136600	0.1296453760789149	1622	525712	4055000	0
bv	uv	1	136600	138093	0.1323023427866831	1622	536486	4055000	0
bv	uv	1	138093	139637	0.1258055316533497	1627	511714	4067500	0
bv	uv	1	139637	141151	0.1245020586400499	1603	498942	4007500	0
bv	uv	1	141151	142699	0.1167119950279676	1609	469474	4022500	0
bv	uv	1	142699	144272	0.1293253879577902	1611	520858	4027500	0
bv	uv	1	144272	145810	0.1283584352078239	1636	524986	4090000	0
bv	uv	1	145810	147326	0.1221301980198019	1616	493406	4040000	0
bv	uv	1	147326	148857	0.1143335811648079	1614	461336	4035000	0
bv	uv	1	148857	150392	0.1194563204005006	1598	477228	3995000	0
bv	uv	1	150392	151909	0.129936	1700	552228	4250000	0
bv	uv	1	151909	153450	0.1134276543209876	1620	459382	4050000	0
bv	uv	1	153450	155000	0.1263201434548715	1673	528334	4182500	0
bv	uv	1	155000	156586	0.121278624078624	1628	493604	4070000	0
bv	uv	1	156586	158149	0.1267772558714462	1618	512814	4045000	0
bv	uv	1	158149	159699	0.1249200968523002	1652	515920	4130000	0
bv	uv	1	159699	161219	0.1257127516778523	1639	515108	4097500	0
bv	uv	1	161219	162733	0.1143105681124007	1637	467816	4092500	0
bv	uv	1	162733	164221	0.1183037484885127	1654	489186	4135000	0
bv	uv	1	164221	165779	0.1238817686250757	1651	511322	4127500	0
bv	uv	1	165779	167373	0.1193154328732747	1594	475472	3985000	0
bv	uv	1	167373	168890	0.1218935464044253	1627	495802	4067500	0
bv	uv	1	168890	170414	0.1171230579531442	1622	474934	4055000	0
bv	uv	1	170414	171948	0.1212036832412523	1629	493602	4072500	0
bv	uv	1	171948	173433	0.1173912829957028	1629	478076	4072500	0
bv	uv	1	173433	174950	0.1212223961468994	1661	503376	4152500	0
bv	uv	1	174950	176512	0.1249707808564231	1588	496134	3970000	0
bv	uv	1	176512	178121	0.1258146577831617	1651	519300	4127500	0
bv	uv	1	178121	179668	0.1155947467166979	1599	462090	3997500	0
bv	uv	1	179668	181282	0.1182160565189466	1557	460156	3892500	0
bv	uv	1	181282	182776	0.1263183469004383	1597	504326	3992500	0
bv	uv	1	182776	184273	0.1214903304773561	1634	496288	4085000	0
bv	uv	1	184273	185861	0.1224526445264452	1626	497770	4065000	0
bv	uv	1	185861	187390	0.1219573430834856	1641	500330	4102500	0
bv	uv	1	187390	188891	0.1246922608165752	1641	511550	4102500	0
bv	uv	1	188891	190429	0.1247768115942029	1656	516576	4140000	0
bv	uv	1	190429	191966	0.1202725167580743	1641	493418	4102500	0
bv	uv	1	191966	193492	0.1197537718768859	1657	496080	4142500	0
bv	uv	1	193492	195002	0.1245156656346749	1615	502732	4037500	0
bv	uv	1	195002	196499	0.1242813996316758	1629	506136	4072500	0
bv	uv	1	196499	198049	0.1212768079800498	1604	486320	4010000	0
bv	uv	1	198049	199596	0.1266496314496314	1628	515464	4070000	0
bv	uv	1	199596	201136	0.122105986959099	1687	514982	4217500	0
bv	uv	1	201136	202699	0.117018807621389	1627	475974	4067500	0
bv	uv	1	202699	204243	0.1198445264452644	1626	487168	4065000	0
bv	uv	1	204243	205792	0.1284741463414634	1640	526744	4100000	0
bv	uv	1	205792	207365	0.1193498474679682	1639	489036	4097500	0
bv	uv	1	207365	208880	0.114460606060606	1650	472150	4125000	0
bv	uv	1	208880	210453	0.121195085995086	1628	493264	4070000	0
bv	uv	1	210453	211967	0.1340405093996361	1649	552582	4122500	0
bv	uv	1	211967	213504	0.1203408253968253	1575	473842	3937500	0
bv	uv	1	213504	215028	0.1269749683944374	1582	502186	3955000	0
bv	uv	1	215028	216533	0.1294052728387492	1631	527650	4077500	0
bv	uv	1	216533	218036	0.1237384223918575	1572	486292	3930000	0
bv	uv	1	218036	219587	0.1308412422360248	1610	526636	4025000	0
bv	uv	1	219587	221158	0.1270175270108043	1666	529028	4165000	0
bv	uv	1	221158	222687	0.1218248756218905	1608	489736	4020000	0
bv	uv	1	222687	224183	0.1182168615384615	1625	480256	4062500	0
bv	uv	1	224183	225763	0.1283916564417178	1630	523196	4075000	0
bv	uv	1	225763	227290	0.1213245982694684	1618	490758	4045000	0
bv	uv	1	227290	228885	0.1243399880454273	1673	520052	4182500	0
bv	uv	1	228885	230419	0.1305237920489296	1635	533516	4087500	0
bv	uv	1	230419	231896	0.1326745866503368	1633	541644	4082500	0
bv	uv	1	231896	233449	0.1177374536464771	1618	476248	4045000	0
bv	uv	1	233449	235009	0.1210639386189258	1564	473360	3910000	0
bv	uv	1	235009	236585	0.1270441430332922	1622	515164	4055000	0
bv	uv	1	236585	238129	0.125740713407134	1626	511136	4065000	0
bv	uv	1	238129	239669	0.1250449178332319	1643	513622	4107500	0
bv	uv	1	239669	241187	0.1217657525898842	1641	499544	4102500	0
bv	uv	1	241187	242755	0.1180833130328867	1642	484732	4105000	0
bv	uv	1	242755	244270	0.1219338271604938	1620	493832	4050000	0
bv	uv	1	244270	245765	0.1217262644728823	1641	499382	4102500	0
bv	uv	1	245765	247301	0.1252177389131792	1601	501184	4002500	0
bv	uv	1	247301	248802	0.1238	1644	508818	4110000	0
bv	uv	1	248802	250338	0.1112250153280196	1631	453520	4077500	0
bv	uv	1	250338	251924	0.1181230574857864	1583	467472	3957500	0
bv	uv	1	251924	253419	0.118839090350338	1627	483378	4067500	0
bv	uv	1	253419	254953	0.1214932680538555	1634	496300	4085000	0
bv	uv	1	254953	256492	0.1147865278628291	1633	468616	4082500	0
bv	uv	1	256492	258070	0.1218024390243902	1640	499390	4100000	0
bv	uv	1	258070	259560	0.1233479853479853	1638	505110	4095000	0
bv	uv	1	259560	261022	0.1277010050251256	1592	508250	3980000	0
bv	uv	1	261022	262534	0.1202236239950525	1617	486004	4042500	0
bv	uv	1	262534	264064	0.1294081757169005	1639	530250	4097500	0
bv	uv	1	264064	265538	0.1296561051972448	1597	517652	3992500	0
bv	uv	1	265538	267067	0.1216004975124378	1608	488834	4020000	0
bv	uv	1	267067	268593	0.1171346989447548	1611	471760	4027500	0
bv	uv	1	268593	270122	0.1149385846153846	1625	466938	4062500	0
bv	uv	1	270122	271658	0.1158792727272727	1650	478002	4125000	0
bv	uv	1	271658	273157	0.120301	1600	481204	4000000	0
bv	uv	1	273157	274664	0.123347315855181	1602	494006	4005000	0
bv	uv	1	274664	276244	0.1203314215985356	1639	493058	4097500	0
bv	uv	1	276244	277835	0.1248189435336976	1647	513942	4117500	0
bv	uv	1	277835	279352	0.119024317617866	1612	479668	4030000	0
bv	uv	1	279352	280874	0.1187785	1600	475114	4000000	0
bv	uv	1	280874	282447	0.1235252152521525	1626	502130	4065000	0
bv	uv	1	282447	284000	0.1163626213592233	1648	479414	4120000	0
bv	uv	1	284000	285563	0.1243257108287961	1653	513776	4132500	0
bv	uv	1	285563	287075	0.1207790754257907	1644	496402	4110000	0
bv	uv	1	287075	288531	0.1219089351285189	1634	497998	4085000	0
bv	uv	1	288531	290036	0.1288972510690287	1637	527512	4092500	0
bv	uv	1	290036	291602	0.1196305400372439	1611	481812	4027500	0
bv	uv	1	291602	293125	0.1148455696202531	1580	453640	3950000	0
bv	uv	1	293125	294647	0.1242126520681265	1644	510514	4110000	0
bv	uv	1	294647	296151	0.1332775119617225	1672	557100	4180000	0
bv	uv	1	296151	297696	0.1205762025316455	1580	476276	3950000	0
bv	uv	1	297696	299240	0.132871921182266	1624	539460	4060000	0
bv	uv	1	299240	300792	0.1144980487804878	1640	469442	4100000	0
bv	uv	1	300792	302262	0.1221587223587223	1628	497186	4070000	0
bv	uv	1	302262	303779	0.1239931498470948	1635	506822	4087500	0
bv	uv	1	303779	305306	0.1204264687693259	1617	486824	4042500	0
bv	uv	1	305306	306817	0.126605424954792	1659	525096	4147500	0
bv	uv	1	306817	308365	0.1286200247218788	1618	520268	4045000	0
bv	uv	1	308365	309879	0.1299611940298507	1608	522444	4020000	0
bv	uv	1	309879	311395	0.1256617299315494	1607	504846	4017500	0
bv	uv	1	311395	312891	0.1221210558624923	1629	497338	4072500	0
bv	uv	1	312891	314426	0.1284488643339472	1629	523108	4072500	0
bv	uv	1	314426	315933	0.1220464419475655	1602	488796	4005000	0
bv	uv	1	315933	317489	0.1196430239704978	1627	486648	4067500	0
bv	uv	1	317489	318989	0.1191656074766355	1605	478152	4012500	0
bv	uv	1	318989	320531	0.1225044126786824	1609	492774	4022500	0
bv	uv	1	320531	322063	0.1244132087227414	1605	499208	4012500	0
bv	uv	1	322063	323553	0.1250401960784313	1632	510164	4080000	0
bv	uv	1	323553	325070	0.119134106162294	1639	488152	4097500	0
bv	uv	1	325070	326592	0.1352259803921568	1632	551722	4080000	0
bv	uv	1	326592	328124	0.1239383108935128	1634	506288	4085000	0
bv	uv	1	328124	329612	0.123410731707317	1640	505984	4100000	0
bv	uv	1	329612	331130	0.1192101022248947	1663	495616	4157500	0
bv	uv	1	331130	332632	0.1164420798065296	1654	481488	4135000	0
bv	uv	1	332632	334236	0.1274489969604863	1645	524134	4112500	0
bv	uv	1	334236	335786	0.1275857943925233	1605	511938	4012500	0
bv	uv	1	335786	337298	0.1181041028781384	1633	482160	4082500	0
bv	uv	1	337298	338830	0.1217056890012642	1582	481346	3955000	0
bv	uv	1	338830	340408	0.1259741147741147	1638	515864	4095000	0
bv	uv	1	340408	341949	0.1239148307692307	1625	503404	4062500	0
bv	uv	1	341949	343489	0.1239553398058252	1648	510696	4120000	0
bv	uv	1	343489	345000	0.1246248138957816	1612	502238	4030000	0
bv	uv	1	345000	346563	0.1208869235628553	1583	478410	3957500	0
bv	uv	1	346563	348102	0.1252620993086109	1591	498230	3977500	0
bv	uv	1	348102	349673	0.1283884022208513	1621	520294	4052500	0
bv	uv	1	349673	351217	0.1144	1646	470756	4115000	0
bv	uv	1	351217	352733	0.1191464137522228	1687	502500	4217500	0
bv	uv	1	352733	354253	0.1212354243542435	1626	492822	4065000	0
bv	uv	1	354253	355805	0.1209416718266254	1615	488302	4037500	0
bv	uv	1	355805	357320	0.1246093109869646	1611	501864	4027500	0
bv	uv	1	357320	358844	0.1228568590937306	1611	494806	4027500	0
bv	uv	1	358844	360362	0.1226595400870105	1609	493398	4022500	0
bv	uv	1	360362	361881	0.119067487684729	1624	483414	4060000	0
bv	uv	1	361881	363385	0.124044499381953	1618	501760	4045000	0
bv	uv	1	363385	364936	0.1216976338729763	1606	488616	4015000	0
bv	uv	1	364936	366513	0.1291985185185185	1620	523254	4050000	0
bv	uv	1	366513	368026	0.1222122498483929	1649	503820	4122500	0
bv	uv	1	368026	369520	0.1230355050806933	1673	514596	4182500	0
bv	uv	1	369520	371037	0.1252388955582233	1666	521620	4165000	0
bv	uv	1	371037	372522	0.1248087272727272	1650	514836	4125000	0
bv	uv	1	372522	374041	0.1258896300788356	1649	518980	4122500	0
bv	uv	1	374041	375537	0.1216353894080996	1605	488062	4012500	0
bv	uv	1	375537	377062	0.1231827373612823	1622	499506	4055000	0
bv	uv	1	377062	378562	0.1215177429467084	1595	484552	3987500	0
bv	uv	1	378562	380118	0.1222207468879668	1687	515466	4217500	0
bv	uv	1	380118	381644	0.1226294117647058	1632	500328	4080000	0
bv	uv	1	381644	383134	0.121883061480552	1594	485704	3985000	0
bv	uv	1	383134	384647	0.1169508114856429	1602	468388	4005000	0
bv	uv	1	384647	386220	0.1247774094536525	1629	508156	4072500	0
bv	uv	1	386220	387732	0.1254838789376158	1619	507896	4047500	0
bv	uv	1	387732	389283	0.1255796019900497	1608	504830	4020000	0
bv	uv	1	389283	390835	0.122462325015216	1643	503014	4107500	0
bv	uv	1	390835	392368	0.1236127139364303	1636	505576	4090000	0
bv	uv	1	392368	393896	0.1259943244910549	1621	510592	4052500	0
bv	uv	1	393896	395445	0.1213954850518608	1639	497418	4097500	0
bv	uv	1	395445	396935	0.1233475247524752	1616	498324	4040000	0
bv	uv	1	396935	398521	0.1213903007980356	1629	494362	4072500	0
bv	uv	1	398521	400086	0.1161558375634517	1576	457654	3940000	0
bv	uv	1	400086	401581	0.1202873035066505	1654	497388	4135000	0
bv	uv	1	401581	403118	0.1148325382262997	1635	469378	4087500	0
bv	uv	1	403118	404656	0.1303062616243025	1613	525460	4032500	0
bv	uv	1	404656	406180	0.1166286059143029	1657	483134	4142500	0
bv	uv	1	406180	407732	0.1268468930172966	1561	495020	3902500	0
bv	uv	1	407732	409251	0.1271941570298235	1643	522450	4107500	0
bv	uv	1	409251	410835	0.1256333742331288	1630	511956	4075000	0
bv	uv	1	410835	412341	0.1238457532548047	1613	499408	4032500	0
bv	uv	1	412341	413839	0.1166158808933002	1612	469962	4030000	0
bv	uv	1	413839	415356	0.1251617520049352	1621	507218	4052500	0
bv	uv	1	415356	416879	0.1206251655629139	1661	500896	4152500	0
bv	uv	1	416879	418449	0.1252925786163522	1590	498038	3975000	0
bv	uv	1	418449	420050	0.1257922981366459	1610	506314	4025000	0
bv	uv	1	420050	421565	0.1174212818917237	1607	471740	4017500	0
bv	uv	1	421565	423073	0.1226605911330049	1624	498002	4060000	0
bv	uv	1	423073	424593	0.126201081081081	1665	525312	4162500	0
bv	uv	1	424593	426070	0.1291254324151185	1561	503912	3902500	0
bv	uv	1	426070	427633	0.1209507598784194	1645	497410	4112500	0
bv	uv	1	427633	429163	0.1195148387096774	1550	463120	3875000	0
bv	uv	1	429163	430698	0.1252844720496894	1610	504270	4025000	0
bv	uv	1	430698	432271	0.1241732763880414	1639	508800	4097500	0
bv	uv	1	432271	433803	0.1254081784386617	1614	506022	4035000	0
bv	uv	1	433803	435331	0.1203005497861942	1637	492330	4092500	0
bv	uv	1	435331	436809	0.1282287804878048	1640	525738	4100000	0
bv	uv	1	436809	438315	0.1239618587809293	1657	513512	4142500	0
bv	uv	1	438315	439837	0.1233958041958041	1573	485254	3932500	0
bv	uv	1	439837	441398	0.1275268292682926	1640	522860	4100000	0
bv	uv	1	441398	442917	0.1106350920245398	1630	450838	4075000	0
bv	uv	1	442917	444432	0.1257373786407767	1648	518038	4120000	0
bv	uv	1	444432	445924	0.126753626782393	1613	511134	4032500	0
bv	uv	1	445924	447487	0.1217086662569145	1627	495050	4067500	0
bv	uv	1	447487	448996	0.1254555216595485	1639	514054	4097500	0
bv	uv	1	448996	450516	0.1263367913148371	1658	523666	4145000	0
bv	uv	1	450516	452027	0.1173067319461444	1634	479198	4085000	0
bv	uv	1	452027	453554	0.124575864160097	1649	513564	4122500	0
bv	uv	1	453554	455097	0.1187294117647058	1649	489462	4122500	0
bv	uv	1	455097	456592	0.1269722772277227	1616	512968	4040000	0
bv	uv	1	456592	458107	0.1183605246720799	1601	473738	4002500	0
bv	uv	1	458107	459619	0.1224471454880294	1629	498666	4072500	0
bv	uv	1	459619	461122	0.1243647566235366	1623	504610	4057500	0
bv	uv	1	461122	462633	0.1232979899497487	1592	490726	3980000	0
bv	uv	1	462633	464169	0.1171491872366044	1661	486462	4152500	0
bv	uv	1	464169	465712	0.1264806238752249	1667	527108	4167500	0
bv	uv	1	465712	467265	0.1205562881562881	1638	493678	4095000	0
bv	uv	1	467265	468824	0.1199532628962088	1609	482512	4022500	0
bv	uv	1	468824	470365	0.122569400244798	1634	500696	4085000	0
bv	uv	1	470365	471861	0.1191251084934904	1613	480372	4032500	0
bv	uv	1	471861	473429	0.1237018753781004	1653	511198	4132500	0
bv	uv	1	473429	474981	0.1220831038798498	1598	487722	3995000	0
bv	uv	1	474981	476493	0.1195819951338199	1644	491482	4110000	0
bv	uv	1	476493	477997	0.1196868913857678	1602	479346	4005000	0
bv	uv	1	477997	479580	0.1186981640146878	1634	484882	4085000	0
bv	uv	1	479580	481133	0.1279586461538461	1625	519832	4062500	0
bv	uv	1	481133	482697	0.1227320293398533	1636	501974	4090000	0
bv	uv	1	482697	484214	0.1219637717121588	1612	491514	4030000	0
bv	uv	1	484214	485745	0.123520787207872	1626	502112	4065000	0
bv	uv	1	485745	487268	0.1175754601226993	1630	479120	4075000	0
bv	uv	1	487268	488829	0.1282052063492063	1575	504808	3937500	0
bv	uv	1	488829	490365	0.1193202898550724	1656	493986	4140000	0
bv	uv	1	490365	491901	0.1162407960199004	1608	467288	4020000	0
bv	uv	1	491901	493442	0.1260911673872761	1619	510354	4047500	0
bv	uv	1	493442	494977	0.1248981949458483	1662	518952	4155000	0
bv	uv	1	494977	496536	0.1215415950920245	1630	495282	4075000	0
bv	uv	1	496536	498072	0.1279449293177627	1627	520416	4067500	0
bv	uv	1	498072	499587	0.1235798994974874	1592	491848	3980000	0
bv	uv	1	499587	501112	0.1329894096165551	1643	546254	4107500	0
bv	uv	1	501112	502630	0.121508280254777	1570	476920	3925000	0
bv	uv	1	502630	504141	0.1239288888888889	1665	515854	4162500	0
bv	uv	1	504141	505631	0.1201101736972704	1612	484044	4030000	0
bv	uv	1	505631	507174	0.1236039653035935	1614	498742	4035000	0
bv	uv	1	507174	508762	0.1278272159800249	1602	511948	4005000	0
bv	uv	1	508762	510239	0.1170793041391721	1667	487928	4167500	0
bv	uv	1	510239	511833	0.1221633106856084	1619	494456	4047500	0
bv	uv	1	511833	513334	0.1242014888337469	1612	500532	4030000	0
bv	uv	1	513334	514808	0.1211746650426309	1642	497422	4105000	0
bv	uv	1	514808	516344	0.1310803069053708	1564	512524	3910000	0
bv	uv	1	516344	517902	0.1192451182534869	1649	491588	4122500	0
bv	uv	1	517902	519411	0.1256665083135392	1684	529056	4210000	0
bv	uv	1	519411	520965	0.1227644549763033	1688	518066	4220000	0
bv	uv	1	520965	522450	0.1281612629022465	1647	527704	4117500	0
bv	uv	1	522450	524007	0.1218361386138613	1616	492218	4040000	0
bv	uv	1	524007	525554	0.1189226600985221	1624	482826	4060000	0
bv	uv	1	525554	527058	0.1279444579780755	1642	525212	4105000	0
bv	uv	1	527058	528597	0.1224312267657992	1614	494010	4035000	0
bv	uv	1	528597	530151	0.1177376237623762	1616	475660	4040000	0
bv	uv	1	530151	531748	0.1235104773713577	1613	498056	4032500	0
bv	uv	1	531748	533276	0.1230605642633228	1595	490704	3987500	0
bv	uv	1	533276	534857	0.1243484510532837	1614	501746	4035000	0
bv	uv	1	534857	536434	0.1219145631067961	1648	502288	4120000	0
bv	uv	1	536434	537982	0.1212617683686176	1606	486866	4015000	0
bv	uv	1	537982	539545	0.1219191094619666	1617	492858	4042500	0
bv	uv	1	539545	541084	0.1181230211480362	1655	488734	4137500	0
bv	uv	1	541084	542593	0.125475751995089	1629	511000	4072500	0
bv	uv	1	542593	544137	0.1204007366482504	1629	490332	4072500	0
bv	uv	1	544137	545645	0.1169194103194103	1628	475862	4070000	0
bv	uv	1	545645	547145	0.1241058307210031	1595	494872	3987500	0
bv	uv	1	547145	548642	0.1189126964933494	1654	491704	4135000	0
bv	uv	1	548642	550140	0.1251626076260762	1626	508786	4065000	0
bv	uv	1	550140	551716	0.1251908101571947	1654	517664	4135000	0
bv	uv	1	551716	553244	0.1313591293833131	1654	543170	4135000	0
bv	uv	1	553244	554784	0.121637139272271	1594	484724	3985000	0
bv	uv	1	554784	556332	0.133037037037037	1620	538800	4050000	0
bv	uv	1	556332	557888	0.1202889292196007	1653	497094	4132500	0
bv	uv	1	557888	559406	0.1268895883777239	1652	524054	4130000	0
bv	uv	1	559406	560951	0.1135791262135922	1648	467946	4120000	0
bv	uv	1	560951	562539	0.1180790214067278	1635	482648	4087500	0
bv	uv	1	562539	564105	0.1286509376890502	1653	531650	4132500	0
bv	uv	1	564105	565606	0.1162402985074626	1608	467286	4020000	0
bv	uv	1	565606	567127	0.1241898640296662	1618	502348	4045000	0
bv	uv	1	567127	568632	0.1136704	1625	461786	4062500	0
bv	uv	1	568632	570152	0.1263861983980283	1623	512812	4057500	0
bv	uv	1	570152	571674	0.1304445805266381	1633	532540	4082500	0
bv	uv	1	571674	573173	0.1263558823529411	1632	515532	4080000	0
bv	uv	1	573173	574691	0.1286265664160401	1596	513220	3990000	0
bv	uv	1	574691	576210	0.1202544117647058	1632	490638	4080000	0
bv	uv	1	576210	577737	0.1257861027190332	1655	520440	4137500	0
bv	uv	1	577737	579261	0.120299206833435	1639	492926	4097500	0
bv	uv	1	579261	580821	0.1191094339622641	1590	473460	3975000	0
bv	uv	1	580821	582337	0.1167494110353378	1613	470792	4032500	0
bv	uv	1	582337	583815	0.1237124842370744	1586	490520	3965000	0
bv	uv	1	583815	585364	0.1252025806451613	1550	485160	3875000	0
bv	uv	1	585364	586898	0.132770651486401	1581	524776	3952500	0
bv	uv	1	586898	588437	0.1277484885126965	1654	528240	4135000	0
bv	uv	1	588437	589985	0.1282216010165184	1574	504552	3935000	0
bv	uv	1	589985	591556	0.131059900990099	1616	529482	4040000	0
bv	uv	1	591556	593068	0.1291213801601971	1623	523910	4057500	0
bv	uv	1	593068	594541	0.1175814180929095	1636	480908	4090000	0
bv	uv	1	594541	596143	0.1210021871202916	1646	497924	4115000	0
bv	uv	1	596143	597699	0.1243231527093596	1624	504752	4060000	0
bv	uv	1	597699	599247	0.1180595	1600	472238	4000000	0
bv	uv	1	599247	600775	0.1264440906307409	1633	516208	4082500	0
bv	uv	1	600775	602323	0.1203043370508054	1614	485428	4035000	0
bv	uv	1	602323	603825	0.1275413268411442	1643	523876	4107500	0
bv	uv	1	603825	605390	0.1247175817396668	1621	505418	4052500	0
bv	uv	1	605390	606858	0.1269215902140672	1635	518792	4087500	0
bv	uv	1	606858	608399	0.1328711220110361	1631	541782	4077500	0
bv	uv	1	608399	609927	0.1312537688442211	1592	522390	3980000	0
bv	uv	1	609927	611435	0.126420202020202	1584	500624	3960000	0
bv	uv	1	611435	612944	0.1210440761203192	1629	492952	4072500	0
bv	uv	1	612944	614495	0.11847790626902	1643	486648	4107500	0
bv	uv	1	614495	616049	0.1223651747394236	1631	498944	4077500	0
bv	uv	1	616049	617552	0.1230661835748792	1656	509494	4140000	0
bv	uv	1	617552	619059	0.1230663438256658	1652	508264	4130000	0
bv	uv	1	619059	620555	0.124662271062271	1638	510492	4095000	0
bv	uv	1	620555	622095	0.1236567088607595	1580	488444	3950000	0
bv	uv	1	622095	623621	0.1241733840304182	1578	489864	3945000	0
bv	uv	1	623621	625136	0.1179751956652618	1661	489892	4152500	0
bv	uv	1	625136	626635	0.1190896379525593	1602	476954	4005000	0
bv	uv	1	626635	628180	0.1203217496962333	1646	495124	4115000	0
bv	uv	1	628180	629776	0.122321246105919	1605	490814	4012500	0
bv	uv	1	629776	631343	0.1194612140575079	1565	467392	3912500	0
bv	uv	1	631343	632865	0.1176816127061698	1637	481612	4092500	0
bv	uv	1	632865	634430	0.1251436341161928	1618	506206	4045000	0
bv	uv	1	634430	635929	0.1247716034271725	1634	509692	4085000	0
bv	uv	1	635929	637471	0.1329694749694749	1638	544510	4095000	0
bv	uv	1	637471	639010	0.1270138304269392	1663	528060	4157500	0
bv	uv	1	639010	640500	0.1234758448060075	1598	493286	3995000	0
bv	uv	1	640500	642028	0.1254710622710622	1638	513804	4095000	0
bv	uv	1	642028	643525	0.1296551724137931	1624	526400	4060000	0
bv	uv	1	643525	645053	0.1206112138016019	1623	489380	4057500	0
bv	uv	1	645053	646578	0.1249526868437307	1619	505746	4047500	0
bv	uv	1	646578	648060	0.1275291770573566	1604	511392	4010000	0
bv	uv	1	648060	649562	0.1302438661710037	1614	525534	4035000	0
bv	uv	1	649562	651125	0.1163819385912101	1661	483276	4152500	0
bv	uv	1	651125	652643	0.1308750769230769	1625	531680	4062500	0
bv	uv	1	652643	654165	0.1270927261227071	1581	502334	3952500	0
bv	uv	1	654165	655698	0.1250320685434516	1634	510756	4085000	0
bv	uv	1	655698	657273	0.1266386049308478	1663	526500	4157500	0
bv	uv	1	657273	658808	0.1229981354878806	1609	494760	4022500	0
bv	uv	1	658808	660320	0.1270466147393648	1669	530102	4172500	0
bv	uv	1	660320	661881	0.1170176506390748	1643	480650	4107500	0
bv	uv	1	661881	663407	0.1318341463414634	1640	540520	4100000	0
bv	uv	1	663407	664950	0.1305507024265645	1566	511106	3915000	0
bv	uv	1	664950	666454	0.1225949538461538	1625	498042	4062500	0
bv	uv	1	666454	668004	0.125424099378882	1610	504832	4025000	0
bv	uv	1	668004	669529	0.1263898305084745	1652	521990	4130000	0
bv	uv	1	669529	671108	0.1265561591914087	1583	500846	3957500	0
bv	uv	1	671108	672620	0.1223335399876007	1613	493310	4032500	0
bv	uv	1	672620	674113	0.1278234096692111	1572	502346	3930000	0
bv	uv	1	674113	675624	0.1238740467404674	1626	503548	4065000	0
bv	uv	1	675624	677157	0.1265913258983891	1614	510796	4035000	0
bv	uv	1	677157	678624	0.1260936067551266	1658	522658	4145000	0
bv	uv	1	678624	680112	0.1327369578497251	1637	543226	4092500	0
bv	uv	1	680112	681643	0.1144533998752339	1603	458672	4007500	0
bv	uv	1	681643	683177	0.1253798525798525	1628	510296	4070000	0
bv	uv	1	683177	684728	0.1269855254877281	1589	504450	3972500	0
bv	uv	1	684728	686235	0.1262193548387097	1643	518446	4107500	0
bv	uv	1	686235	687721	0.1209822600243013	1646	497842	4115000	0
bv	uv	1	687721	689251	0.1302358733880422	1706	555456	4265000	0
bv	uv	1	689251	690767	0.1242140773620799	1577	489714	3942500	0
bv	uv	1	690767	692282	0.1221252923076923	1625	496134	4062500	0
bv	uv	1	692282	693820	0.1265880952380952	1680	531670	4200000	0
bv	uv	1	693820	695350	0.1281174044875682	1649	528164	4122500	0
bv	uv	1	695350	696852	0.1184388722255549	1667	493594	4167500	0
bv	uv	1	696852	698412	0.1295805802249852	1689	547154	4222500	0
bv	uv	1	698412	699946	0.1264507701786814	1623	513074	4057500	0
bv	uv	1	699946	701468	0.1256311688311688	1617	507864	4042500	0
bv	uv	1	701468	703001	0.1235997559487492	1639	506450	4097500	0
bv	uv	1	703001	704557	0.1207769183548189	1629	491864	4072500	0
bv	uv	1	704557	706133	0.1185177489177489	1617	479108	4042500	0
bv	uv	1	706133	707680	0.1230200607902735	1645	505920	4112500	0
bv	uv	1	707680	709189	0.1321339950372208	1612	532500	4030000	0
bv	uv	1	709189	710710	0.1211664197530864	1620	490724	4050000	0
bv	uv	1	710710	712259	0.1272883435582822	1630	518700	4075000	0
bv	uv	1	712259	713761	0.1254376670716889	1646	516176	4115000	0
bv	uv	1	713761	715289	0.1211294691885295	1639	496328	4097500	0
bv	uv	1	715289	716804	0.126972784019975	1602	508526	4005000	0
bv	uv	1	716804	718337	0.1282329592439456	1693	542746	4232500	0
bv	uv	1	718337	719891	0.1287550894509562	1621	521780	4052500	0
bv	uv	1	719891	721414	0.1255411764705882	1632	512208	4080000	0
bv	uv	1	721414	722947	0.1260763831052944	1681	529836	4202500	0
bv	uv	1	722947	724475	0.121351503990178	1629	494204	4072500	0
bv	uv	1	724475	726003	0.1242471384615384	1625	504754	4062500	0
bv	uv	1	726003	727577	0.1289502512562814	1592	513222	3980000	0
bv	uv	1	727577	729119	0.1221624302541847	1613	492620	4032500	0
bv	uv	1	729119	730660	0.1304477972238986	1657	540380	4142500	0
bv	uv	1	730660	732173	0.1265050154798761	1615	510764	4037500	0
bv	uv	1	732173	733673	0.1319838532110091	1635	539484	4087500	0
bv	uv	1	733673	735210	0.1285729863692689	1614	518792	4035000	0
bv	uv	1	735210	736746	0.1240143454871488	1673	518690	4182500	0
bv	uv	1	736746	738293	0.1196332906530089	1562	467168	3905000	0
bv	uv	1	738293	739823	0.1255711980136561	1611	505738	4027500	0
bv	uv	1	739823	741305	0.1170130353817504	1611	471270	4027500	0
bv	uv	1	741305	742827	0.1172549693251533	1630	477814	4075000	0
bv	uv	1	742827	744360	0.1224772898368883	1594	488072	3985000	0
bv	uv	1	744360	745880	0.1211585542168674	1660	502808	4150000	0
bv	uv	1	745880	747397	0.1227845771144278	1608	493594	4020000	0
bv	uv	1	747397	748937	0.1238365538461538	1625	503086	4062500	0
bv	uv	1	748937	750464	0.1202567307692307	1664	500268	4160000	0
bv	uv	1	750464	751991	0.1223603427172582	1634	499842	4085000	0
bv	uv	1	751991	753544	0.1270481257557436	1654	525344	4135000	0
bv	uv	1	753544	755012	0.1306045569620253	1580	515888	3950000	0
bv	uv	1	755012	756524	0.1228024390243902	1640	503490	4100000	0
bv	uv	1	756524	758057	0.1196673992673992	1638	490038	4095000	0
bv	uv	1	758057	759621	0.1167639464068209	1642	479316	4105000	0
bv	uv	1	759621	761202	0.1235543793320731	1587	490202	3967500	0
bv	uv	1	761202	762718	0.1233899877899877	1638	505282	4095000	0
bv	uv	1	762718	764317	0.1231506542056074	1605	494142	4012500	0
bv	uv	1	764317	765886	0.1181675379939209	1645	485964	4112500	0
bv	uv	1	765886	767419	0.1207630922693266	1604	484260	4010000	0
bv	uv	1	767419	768944	0.1260122270742358	1603	504994	4007500	0
bv	uv	1	768944	770406	0.1294421836228287	1612	521652	4030000	0
bv	uv	1	770406	771930	0.1244954712362301	1634	508564	4085000	0
bv	uv	1	771930	773507	0.120990523076923	1625	491524	4062500	0
bv	uv	1	773507	775029	0.1213685626911315	1635	496094	4087500	0
bv	uv	1	775029	776579	0.1244476481368356	1637	509302	4092500	0
bv	uv	1	776579	778143	0.1279881261595547	1617	517392	4042500	0
bv	uv	1	778143	779637	0.1135831265508684	1612	457740	4030000	0
bv	uv	1	779637	781134	0.1239477058453802	1591	493002	3977500	0
bv	uv	1	781134	782638	0.1241175030599755	1634	507020	4085000	0
bv	uv	1	782638	784188	0.1165217606943583	1613	469874	4032500	0
bv	uv	1	784188	785761	0.1189004318322023	1621	481844	4052500	0
bv	uv	1	785761	787373	0.1221833952912019	1614	493010	4035000	0
bv	uv	1	787373	788917	0.1194308529945553	1653	493548	4132500	0
bv	uv	1	788917	790415	0.1227522842639593	1576	483644	3940000	0
bv	uv	1	790415	791963	0.130460686333534	1661	541738	4152500	0
bv	uv	1	791963	793509	0.1145503090234857	1618	463356	4045000	0
bv	uv	1	793509	795026	0.1233486284289276	1604	494628	4010000	0
bv	uv	1	795026	796575	0.1201654135338345	1596	479460	3990000	0
bv	uv	1	796575	798056	0.1248191074795726	1591	496468	3977500	0
bv	uv	1	798056	799588	0.1210354430379746	1580	478090	3950000	0
bv	uv	1	799588	801089	0.1156329696969696	1650	476986	4125000	0
bv	uv	1	801089	802600	0.1263501210653753	1652	521826	4130000	0
bv	uv	1	802600	804159	0.1197718574108818	1599	478788	3997500	0
bv	uv	1	804159	805744	0.1309657680250783	1595	522226	3987500	0
bv	uv	1	805744	807293	0.1192751842751842	1628	485450	4070000	0
bv	uv	1	807293	808881	0.1197649909145972	1651	494330	4127500	0
bv	uv	1	808881	810383	0.1235926380368098	1630	503640	4075000	0
bv	uv	1	810383	811874	0.1278102689486552	1636	522744	4090000	0
bv	uv	1	811874	813386	0.1225784615384615	1690	517894	4225000	0
bv	uv	1	813386	814931	0.1208540337711069	1599	483114	3997500	0
bv	uv	1	814931	816496	0.1212914425427872	1636	496082	4090000	0
bv	uv	1	816496	818053	0.1269340101522842	1576	500120	3940000	0
bv	uv	1	818053	819553	0.1330085679314565	1634	543340	4085000	0
bv	uv	1	819553	821051	0.1239833333333333	1632	505852	4080000	0
bv	uv	1	821051	822618	0.1264482338611449	1642	519070	4105000	0
bv	uv	1	822618	824159	0.1283431360585723	1639	525886	4097500	0
bv	uv	1	824159	825654	0.1234238622386223	1626	501718	4065000	0
bv	uv	1	825654	827180	0.1235742013261	1659	512524	4147500	0
bv	uv	1	827180	828721	0.1252810426540284	1688	528686	4220000	0
bv	uv	1	828721	830223	0.1198083538083538	1628	487620	4070000	0
bv	uv	1	830223	831765	0.1250806930693069	1616	505326	4040000	0
bv	uv	1	831765	833329	0.1334432692307692	1664	555124	4160000	0
bv	uv	1	833329	834835	0.1234704225352112	1633	504068	4082500	0
bv	uv	1	834835	836348	0.1238616615384615	1625	503188	4062500	0
bv	uv	1	836348	837862	0.1251791821561338	1614	505098	4035000	0
bv	uv	1	837862	839393	0.1247086124401914	1672	521282	4180000	0
bv	uv	1	839393	840963	0.1161692865779927	1654	480360	4135000	0
bv	uv	1	840963	842541	0.1215985046728971	1605	487914	4012500	0
bv	uv	1	842541	844043	0.1209397678680513	1637	494946	4092500	0
bv	uv	1	844043	845547	0.125201393728223	1722	538992	4305000	0
bv	uv	1	845547	847135	0.1366800239952009	1667	569614	4167500	0
bv	uv	1	847135	848635	0.1355279411764706	1632	552954	4080000	0
bv	uv	1	848635	850165	0.1239060285891858	1609	498412	4022500	0
bv	uv	1	850165	851691	0.1284882991556091	1658	532584	4145000	0
bv	uv	1	851691	853218	0.1244324324324324	1628	506440	4070000	0
bv	uv	1	853218	854748	0.1207918367346938	1568	473504	3920000	0
bv	uv	1	854748	856271	0.121990404040404	1584	483082	3960000	0
bv	uv	1	856271	857751	0.1263767757875231	1619	511510	4047500	0
bv	uv	1	857751	859293	0.1196992518703242	1604	479994	4010000	0
bv	uv	1	859293	860823	0.1265223587223587	1628	514946	4070000	0
bv	uv	1	860823	862292	0.1197328385899814	1617	484020	4042500	0
bv	uv	1	862292	863805	0.1280067673716012	1655	529628	4137500	0
bv	uv	1	863805	865363	0.118469264069264	1617	478912	4042500	0
bv	uv	1	865363	866945	0.1275985166872682	1618	516136	4045000	0
bv	uv	1	866945	868537	0.1192753295668549	1593	475014	3982500	0
bv	uv	1	868537	870046	0.1201951456310679	1648	495204	4120000	0
bv	uv	1	870046	871586	0.1304322738386308	1636	533468	4090000	0
bv	uv	1	871586	873074	0.1277288217522658	1655	528478	4137500	0
bv	uv	1	873074	874598	0.1164129192546583	1610	468562	4025000	0
bv	uv	1	874598	876144	0.1196073081607795	1642	490988	4105000	0
bv	uv	1	876144	877694	0.1166108916816277	1671	487142	4177500	0
bv	uv	1	877694	879222	0.1296592592592592	1647	533872	4117500	0
bv	uv	1	879222	880697	0.1264371747211896	1614	510174	4035000	0
bv	uv	1	880697	882219	0.1189612745098039	1632	485362	4080000	0
bv	uv	1	882219	883772	0.1302497210167389	1613	525232	4032500	0
bv	uv	1	883772	885297	0.1241487583282858	1651	512424	4127500	0
bv	uv	1	885297	886800	0.1291232572486119	1621	523272	4052500	0
bv	uv	1	886800	888310	0.1285551807228915	1660	533504	4150000	0
bv	uv	1	888310	889799	0.1235032967032967	1638	505746	4095000	0
bv	uv	1	889799	891344	0.1270966459627329	1610	511564	4025000	0
bv	uv	1	891344	892855	0.1097392812887236	1614	442798	4035000	0
bv	uv	1	892855	894375	0.1236147610405323	1653	510838	4132500	0
bv	uv	1	894375	895940	0.1203624390243902	1640	493486	4100000	0
bv	uv	1	895940	897436	0.1257127686472819	1582	497194	3955000	0
bv	uv	1	897436	898956	0.1289742177722152	1598	515252	3995000	0
bv	uv	1	898956	900551	0.1215719901719901	1628	494798	4070000	0
bv	uv	1	900551	902056	0.1245869249394673	1652	514544	4130000	0
bv	uv	1	902056	903591	0.1225392156862745	1632	499960	4080000	0
bv	uv	1	903591	905108	0.1274023617153511	1609	512476	4022500	0
bv	uv	1	905108	906666	0.1244204234122042	1606	499548	4015000	0
bv	uv	1	906666	908140	0.1201866017052375	1642	493366	4105000	0
bv	uv	1	908140	909670	0.1222341104294478	1630	498104	4075000	0
bv	uv	1	909670	911182	0.1220577164366373	1594	486400	3985000	0
bv	uv	1	911182	912700	0.1166212400245549	1629	474940	4072500	0
bv	uv	1	912700	914255	0.1177334159950403	1613	474760	4032500	0
bv	uv	1	914255	915821	0.1267567893783946	1657	525090	4142500	0
bv	uv	1	915821	917377	0.1181828362751065	1643	485436	4107500	0
bv	uv	1	917377	918852	0.123299205864386	1637	504602	4092500	0
bv	uv	1	918852	920377	0.1223236697247706	1635	499998	4087500	0
bv	uv	1	920377	921935	0.1283018776499091	1651	529566	4127500	0
bv	uv	1	921935	923480	0.1246174661746617	1626	506570	4065000	0
bv	uv	1	923480	925011	0.1194853503184713	1570	468980	3925000	0
bv	uv	1	925011	926552	0.1384079110012361	1618	559860	4045000	0
bv	uv	1	926552	928083	0.1192060263653484	1593	474738	3982500	0
bv	uv	1	928083	929626	0.1176667078443483	1619	476256	4047500	0
bv	uv	1	929626	931150	0.1216641392169049	1609	489394	4022500	0
bv	uv	1	931150	932650	0.1237015719467956	1654	511506	4135000	0
bv	uv	1	932650	934219	0.1223311720698254	1604	490548	4010000	0
bv	uv	1	934219	935747	0.1160645476772616	1636	474704	4090000	0
bv	uv	1	935747	937295	0.1160362492133417	1589	460954	3972500	0
bv	uv	1	937295	938851	0.1200537982565379	1606	482016	4015000	0
bv	uv	1	938851	940369	0.123430750307503	1626	501746	4065000	0
bv	uv	1	940369	941891	0.1255359186268277	1573	493670	3932500	0
bv	uv	1	941891	943440	0.1170704898446833	1674	489940	4185000	0
bv	uv	1	943440	944985	0.120604854368932	1648	496892	4120000	0
bv	uv	1	944985	946527	0.1256846297448662	1607	504938	4017500	0
bv	uv	1	946527	948057	0.1270191260291323	1579	501408	3947500	0
bv	uv	1	948057	949584	0.121723666866387	1669	507892	4172500	0
bv	uv	1	949584	951178	0.1185584447144593	1646	487868	4115000	0
bv	uv	1	951178	952689	0.1235363636363636	1672	516382	4180000	0
bv	uv	1	952689	954219	0.1165280788177339	1624	473104	4060000	0
bv	uv	1	954219	955700	0.1212936170212766	1645	498820	4112500	0
bv	uv	1	955700	957179	0.129824502112251	1657	537798	4142500	0
bv	uv	1	957179	958677	0.1241735849056603	1696	526496	4240000	0
bv	uv	1	958677	960194	0.1307127856701667	1619	529060	4047500	0
bv	uv	1	960194	961737	0.1282665027658266	1627	521724	4067500	0
bv	uv	1	961737	963272	0.131505269533616	1651	542788	4127500	0
bv	uv	1	963272	964733	0.1248894768490679	1663	519228	4157500	0
bv	uv	1	964733	966291	0.129701443816698	1593	516536	3982500	0
bv	uv	1	966291	967814	0.1240078431372549	1632	505952	4080000	0
bv	uv	1	967814	969324	0.1300373205741626	1672	543556	4180000	0
bv	uv	1	969324	970819	0.123390970933828	1617	498808	4042500	0
bv	uv	1	970819	972373	0.1248328431372549	1632	509318	4080000	0
bv	uv	1	972373	973926	0.1226511097019657	1577	483552	3942500	0
bv	uv	1	973926	975455	0.1242432835820895	1608	499458	4020000	0
bv	uv	1	975455	976989	0.1281095093882495	1651	528772	4127500	0
bv	uv	1	976989	978498	0.1245181044957472	1646	512392	4115000	0
bv	uv	1	978498	979999	0.1255711138310893	1634	512958	4085000	0
bv	uv	1	979999	981503	0.124796549599507	1623	506362	4057500	0
bv	uv	1	981503	983068	0.1186323995127892	1642	486986	4105000	0
bv	uv	1	983068	984576	0.1197716354858177	1657	496154	4142500	0
bv	uv	1	984576	986097	0.1330802231866088	1613	536646	4032500	0
bv	uv	1	986097	987665	0.1231613861386138	1616	497572	4040000	0
bv	uv	1	987665	989202	0.1212751694393099	1623	492074	4057500	0
bv	uv	1	989202	990726	0.1212533168009919	1613	488954	4032500	0
bv	uv	1	990726	992279	0.1264149397590361	1660	524622	4150000	0
bv	uv	1	992279	993806	0.1296724584103512	1623	526146	4057500	0
bv	uv	1	993806	995345	0.1184383386581469	1565	463390	3912500	0
bv	uv	1	995345	996890	0.1255715887850467	1605	503856	4012500	0
bv	uv	1	996890	998402	0.1255561436672967	1587	498144	3967500	0
bv	uv	1	998402	1000030	0.1264866210329807	1607	508160	4017500	0
bv	uv	1	1000030	1001541	0.122893895531781	1589	488196	3972500	0
bv	uv	1	1001541	1003062	0.1252463311097635	1649	516328	4122500	0
bv	uv	1	1003062	1004579	0.12676784409257	1642	520382	4105000	0
bv	uv	1	1004579	1006106	0.1304081779915814	1663	542172	4157500	0
bv	uv	1	1006106	1007662	0.119699452887538	1645	492264	4112500	0
bv	uv	1	1007662	1009185	0.1262916002452483	1631	514954	4077500	0
bv	uv	1	1009185	1010699	0.1220040597014925	1675	510892	4187500	0
bv	uv	1	1010699	1012191	0.1263885500933416	1607	507766	4017500	0
bv	uv	1	1012191	1013672	0.119789651022864	1662	497726	4155000	0
bv	uv	1	1013672	1015232	0.1264699694189602	1635	516946	4087500	0
bv	uv	1	1015232	1016771	0.121955500310752	1609	490566	4022500	0
bv	uv	1	1016771	1018292	0.1237281834640917	1657	512544	4142500	0
bv	uv	1	1018292	1019815	0.1351299448867115	1633	551668	4082500	0
bv	uv	1	1019815	1021396	0.1270776640577965	1661	527690	4152500	0
bv	uv	1	1021396	1022917	0.1242126457949662	1629	505856	4072500	0
bv	uv	1	1022917	1024474	0.1220236441194393	1641	500602	4102500	0
bv	uv	1	1024474	1026064	0.1248389756402248	1601	499668	4002500	0
bv	uv	1	1026064	1027569	0.1275205031446541	1590	506894	3975000	0
bv	uv	1	1027569	1029130	0.1275058536585366	1640	522774	4100000	0
bv	uv	1	1029130	1030627	0.1159467652495379	1623	470454	4057500	0
bv	uv	1	1030627	1032168	0.1229399014778325	1624	499136	4060000	0
bv	uv	1	1032168	1033706	0.1183458461538461	1625	480780	4062500	0
bv	uv	1	1033706	1035262	0.1224489388264669	1602	490408	4005000	0
bv	uv	1	1035262	1036821	0.1226049627791563	1612	494098	4030000	0
bv	uv	1	1036821	1038360	0.1170671623296158	1614	472366	4035000	0
bv	uv	1	1038360	1039887	0.1230044665012407	1612	495708	4030000	0
bv	uv	1	1039887	1041415	0.1258455445544554	1616	508416	4040000	0
bv	uv	1	1041415	1042986	0.1303707196029776	1612	525394	4030000	0
bv	uv	1	1042986	1044552	0.1229753790175864	1649	506966	4122500	0
bv	uv	1	1044552	1046093	0.1278991304347826	1610	514794	4025000	0
bv	uv	1	1046093	1047617	0.123946168224299	1605	497334	4012500	0
bv	uv	1	1047617	1049121	0.1251857056329497	1651	516704	4127500	0
bv	uv	1	1049121	1050633	0.1245301863354037	1610	501234	4025000	0
bv	uv	1	1050633	1052109	0.1240853658536585	1640	508750	4100000	0
bv	uv	1	1052109	1053604	0.128913	1600	515652	4000000	0
bv	uv	1	1053604	1055143	0.1237687461395923	1619	500954	4047500	0
bv	uv	1	1055143	1056661	0.1220179104477612	1675	510950	4187500	0
bv	uv	1	1056661	1058189	0.1263226277372262	1644	519186	4110000	0
bv	uv	1	1058189	1059754	0.1229359129383313	1654	508340	4135000	0
bv	uv	1	1059754	1061252	0.1298651741293532	1608	522058	4020000	0
bv	uv	1	1061252	1062793	0.1229225291589932	1629	500602	4072500	0
bv	uv	1	1062793	1064313	0.1207346341463414	1640	495012	4100000	0
bv	uv	1	1064313	1065859	0.1182475045099218	1663	491614	4157500	0
bv	uv	1	1065859	1067399	0.1202872171253822	1635	491674	4087500	0
bv	uv	1	1067399	1068935	0.1260823386114494	1642	517568	4105000	0
bv	uv	1	1068935	1070466	0.1238436385986478	1627	503734	4067500	0
bv	uv	1	1070466	1072014	0.1263259259259259	1674	528674	4185000	0
bv	uv	1	1072014	1073588	0.1197963174603174	1575	471698	3937500	0
bv	uv	1	1073588	1075113	0.1230757186544342	1635	503072	4087500	0
bv	uv	1	1075113	1076637	0.1179201934703748	1654	487600	4135000	0
bv	uv	1	1076637	1078164	0.1239470873786407	1648	510662	4120000	0
bv	uv	1	1078164	1079719	0.127099504950495	1616	513482	4040000	0
bv	uv	1	1079719	1081266	0.1193925570228091	1666	497270	4165000	0
bv	uv	1	1081266	1082783	0.120823887873248	1641	495680	4102500	0
bv	uv	1	1082783	1084275	0.1306498159509202	1630	532398	4075000	0
bv	uv	1	1084275	1085804	0.1244604141291108	1642	510910	4105000	0
bv	uv	1	1085804	1087333	0.1213063106796116	1648	499782	4120000	0
bv	uv	1	1087333	1088914	0.1187319727891156	1617	479974	4042500	0
bv	uv	1	1088914	1090457	0.1245761399125546	1601	498616	4002500	0
bv	uv	1	1090457	1091944	0.1195547649301143	1574	470448	3935000	0
bv	uv	1	1091944	1093446	0.1190691793313069	1645	489672	4112500	0
bv	uv	1	1093446	1094979	0.1218054726368159	1608	489658	4020000	0
bv	uv	1	1094979	1096495	0.1216519675202998	1601	486912	4002500	0
bv	uv	1	1096495	1097987	0.1192089274643521	1613	480710	4032500	0
bv	uv	1	1097987	1099554	0.1207365233192004	1651	498340	4127500	0
bv	uv	1	1099554	1101077	0.1264029906542056	1605	507192	4012500	0
bv	uv	1	1101077	1102623	0.12241921182266	1624	497022	4060000	0
bv	uv	1	1102623	1104151	0.1313835736677116	1595	523892	3987500	0
bv	uv	1	1104151	1105643	0.1236735403726708	1610	497786	4025000	0
bv	uv	1	1105643	1107113	0.1212065021071643	1661	503310	4152500	0
bv	uv	1	1107113	1108593	0.1215894006309148	1585	481798	3962500	0
bv	uv	1	1108593	1110200	0.1258817243472981	1647	518318	4117500	0
bv	uv	1	1110200	1111750	0.1269598997493734	1596	506570	3990000	0
bv	uv	1	1111750	1113316	0.1173891001267427	1578	463100	3945000	0
bv	uv	1	1113316	1114841	0.127209726443769	1645	523150	4112500	0
bv	uv	1	1114841	1116385	0.1232943168077388	1654	509822	4135000	0
bv	uv	1	1116385	1117920	0.1204503703703703	1620	487824	4050000	0
bv	uv	1	1117920	1119424	0.1166862177470107	1589	463536	3972500	0
bv	uv	1	1119424	1120981	0.1165234567901234	1620	471920	4050000	0
bv	uv	1	1120981	1122537	0.1201651580905145	1613	484566	4032500	0
bv	uv	1	1122537	1124070	0.1131794172349659	1613	456396	4032500	0
bv	uv	1	1124070	1125610	0.1258960975609756	1640	516174	4100000	0
bv	uv	1	1125610	1127111	0.1230228356336261	1594	490246	3985000	0
bv	uv	1	1127111	1128662	0.1237115712545676	1642	507836	4105000	0
bv	uv	1	1128662	1130175	0.1271690773067331	1604	509948	4010000	0
bv	uv	1	1130175	1131688	0.1217794155019059	1574	479202	3935000	0
bv	uv	1	1131688	1133199	0.1290273787599754	1629	525464	4072500	0
bv	uv	1	1133199	1134738	0.1251462403789224	1689	528430	4222500	0
bv	uv	1	1134738	1136268	0.1235733990147783	1624	501708	4060000	0
bv	uv	1	1136268	1137805	0.1215897934386391	1646	500342	4115000	0
bv	uv	1	1137805	1139302	0.1253200992555831	1612	505040	4030000	0
bv	uv	1	1139302	1140762	0.117543990086741	1614	474290	4035000	0
bv	uv	1	1140762	1142293	0.1291913526868437	1619	522902	4047500	0
bv	uv	1	1142293	1143834	0.1212872407291012	1591	482420	3977500	0
bv	uv	1	1143834	1145397	0.126975960346964	1614	512348	4035000	0
bv	uv	1	1145397	1146884	0.1270852340936374	1666	529310	4165000	0
bv	uv	1	1146884	1148384	0.1209061728395061	1620	489670	4050000	0
bv	uv	1	1148384	1149881	0.1257688944409744	1601	503390	4002500	0
bv	uv	1	1149881	1151433	0.1220696643445218	1579	481870	3947500	0
bv	uv	1	1151433	1152939	0.1254584502745576	1639	514066	4097500	0
bv	uv	1	1152939	1154477	0.1240971779141104	1630	505696	4075000	0
bv	uv	1	1154477	1155984	0.1181298311444652	1599	472224	3997500	0
bv	uv	1	1155984	1157529	0.1227751690227412	1627	499388	4067500	0
bv	uv	1	1157529	1159049	0.1207493991144845	1581	477262	3952500	0
bv	uv	1	1159049	1160606	0.128820664206642	1626	523656	4065000	0
bv	uv	1	1160606	1162149	0.1213030150753768	1592	482786	3980000	0
bv	uv	1	1162149	1163647	0.1331036714374611	1607	534744	4017500	0
bv	uv	1	1163647	1165133	0.1262115	1600	504846	4000000	0
bv	uv	1	1165133	1166656	0.1184998738965952	1586	469852	3965000	0
bv	uv	1	1166656	1168190	0.1314959565479782	1657	544722	4142500	0
bv	uv	1	1168190	1169712	0.1234928484848484	1650	509408	4125000	0
bv	uv	1	1169712	1171242	0.1271684657368101	1649	524252	4122500	0
bv	uv	1	1171242	1172765	0.1270555831265508	1612	512034	4030000	0
bv	uv	1	1172765	1174296	0.1201285101164929	1631	489824	4077500	0
bv	uv	1	1174296	1175822	0.1204786366402921	1643	494866	4107500	0
bv	uv	1	1175822	1177415	0.1260932668329177	1604	505634	4010000	0
bv	uv	1	1177415	1178959	0.1179836228287841	1612	475474	4030000	0
bv	uv	1	1178959	1180501	0.1272578077158603	1633	519530	4082500	0
bv	uv	1	1180501	1182039	0.1103025355596784	1617	445898	4042500	0
bv	uv	1	1182039	1183525	0.1234276381909547	1592	491242	3980000	0
bv	uv	1	1183525	1185051	0.120417843866171	1614	485886	4035000	0
bv	uv	1	1185051	1186573	0.1273258706467661	1608	511850	4020000	0
bv	uv	1	1186573	1188097	0.1289512287334593	1587	511614	3967500	0
bv	uv	1	1188097	1189671	0.1286252525252525	1584	509356	3960000	0
bv	uv	1	1189671	1191123	0.1280698564593301	1672	535332	4180000	0
bv	uv	1	1191123	1192629	0.123161282212445	1591	489874	3977500	0
bv	uv	1	1192629	1194147	0.1256476134354743	1697	533060	4242500	0
bv	uv	1	1194147	1195668	0.1199900559353635	1609	482660	4022500	0
bv	uv	1	1195668	1197160	0.1234334572490706	1614	498054	4035000	0
bv	uv	1	1197160	1198657	0.1224581818181818	1650	505140	4125000	0
bv	uv	1	1198657	1200185	0.1329041269841269	1575	523310	3937500	0
bv	uv	1	1200185	1201730	0.1263635018495684	1622	512404	4055000	0
bv	uv	1	1201730	1203211	0.1253392878696439	1657	519218	4142500	0
bv	uv	1	1203211	1204698	0.1219920433996383	1659	505962	4147500	0
bv	uv	1	1204698	1206229	0.1282338983050847	1652	529606	4130000	0
bv	uv	1	1206229	1207730	0.1283541718555417	1606	515342	4015000	0
bv	uv	1	1207730	1209214	0.1259585870889159	1642	517060	4105000	0
bv	uv	1	1209214	1210723	0.1240400488400488	1638	507944	4095000	0
bv	uv	1	1210723	1212244	0.1241650557620817	1614	501006	4035000	0
bv	uv	1	1212244	1213771	0.119930369442705	1597	478822	3992500	0
bv	uv	1	1213771	1215322	0.1187906288532675	1622	481696	4055000	0
bv	uv	1	1215322	1216825	0.1327591167192429	1585	526058	3962500	0
bv	uv	1	1216825	1218338	0.1217455891425046	1621	493374	4052500	0
bv	uv	1	1218338	1219867	0.1266110979929161	1694	536198	4235000	0
bv	uv	1	1219867	1221401	0.1251228677379481	1618	506122	4045000	0
bv	uv	1	1221401	1222938	0.1272813982521847	1602	509762	4005000	0
bv	uv	1	1222938	1224481	0.1236321062160531	1657	512146	4142500	0
bv	uv	1	1224481	1226068	0.1274101694915254	1652	526204	4130000	0
bv	uv	1	1226068	1227653	0.1143747952110901	1587	453782	3967500	0
bv	uv	1	1227653	1229196	0.1251101631116687	1594	498564	3985000	0
bv	uv	1	1229196	1230716	0.1299847437425506	1678	545286	4195000	0
bv	uv	1	1230716	1232186	0.1227406674907293	1618	496486	4045000	0
bv	uv	1	1232186	1233684	0.1229929471032745	1588	488282	3970000	0
bv	uv	1	1233684	1235196	0.1299512431776834	1649	535724	4122500	0
bv	uv	1	1235196	1236709	0.1252527472527472	1638	512910	4095000	0
bv	uv	1	1236709	1238201	0.1263228200371057	1617	510660	4042500	0
bv	uv	1	1238201	1239693	0.1275943868212324	1639	522818	4097500	0
bv	uv	1	1239693	1241187	0.1288603115264797	1605	517052	4012500	0
bv	uv	1	1241187	1242737	0.1320310303030303	1650	544628	4125000	0
bv	uv	1	1242737	1244289	0.1376683046683046	1628	560310	4070000	0
bv	uv	1	1244289	1245830	0.1284134392180818	1637	525532	4092500	0
bv	uv	1	1245830	1247359	0.1270244848484848	1650	523976	4125000	0
bv	uv	1	1247359	1248915	0.1224669538461538	1625	497522	4062500	0
bv	uv	1	1248915	1250458	0.1186602176541717	1654	490660	4135000	0
bv	uv	1	1250458	1252001	0.1263142156862745	1632	515362	4080000	0
bv	uv	1	1252001	1253485	0.121186593540524	1641	497168	4102500	0
bv	uv	1	1253485	1255044	0.1272152615384615	1625	516812	4062500	0
bv	uv	1	1255044	1256528	0.1250224390243902	1640	512592	4100000	0
bv	uv	1	1256528	1258019	0.1241041301627033	1598	495796	3995000	0
bv	uv	1	1258019	1259518	0.1250316043425814	1658	518256	4145000	0
bv	uv	1	1259518	1261058	0.1221044740024183	1654	504902	4135000	0
bv	uv	1	1261058	1262571	0.131127047146402	1612	528442	4030000	0
bv	uv	1	1262571	1264101	0.1189986461538461	1625	483432	4062500	0
bv	uv	1	1264101	1265629	0.1297958384332925	1634	530216	4085000	0
bv	uv	1	1265629	1267183	0.1275189873417721	1580	503700	3950000	0
bv	uv	1	1267183	1268741	0.1234342995169082	1656	511018	4140000	0
bv	uv	1	1268741	1270293	0.121135826296743	1658	502108	4145000	0
bv	uv	1	1270293	1271848	0.123947258163894	1623	502916	4057500	0
bv	uv	1	1271848	1273353	0.122063602484472	1610	491306	4025000	0
bv	uv	1	1273353	1274909	0.1306238466147393	1669	545028	4172500	0
bv	uv	1	1274909	1276415	0.1189350929814037	1667	495662	4167500	0
bv	uv	1	1276415	1277948	0.1233510625379477	1647	507898	4117500	0
bv	uv	1	1277948	1279471	0.1184393846153846	1625	481160	4062500	0
bv	uv	1	1279471	1281032	0.1313571340333539	1619	531668	4047500	0
bv	uv	1	1281032	1282572	0.124871965495995	1623	506668	4057500	0
bv	uv	1	1282572	1284089	0.1278493184634448	1614	515872	4035000	0
bv	uv	1	1284089	1285599	0.1268040988547317	1659	525920	4147500	0
bv	uv	1	1285599	1287180	0.1225300124533001	1606	491958	4015000	0
bv	uv	1	1287180	1288736	0.1230217894096165	1643	505312	4107500	0
bv	uv	1	1288736	1290253	0.1219879532882606	1627	496186	4067500	0
bv	uv	1	1290253	1291770	0.1244835857056329	1651	513806	4127500	0
bv	uv	1	1291770	1293222	0.1248425167990226	1637	510918	4092500	0
bv	uv	1	1293222	1294744	0.122277933130699	1645	502868	4112500	0
bv	uv	1	1294744	1296280	0.1171700483091787	1656	485084	4140000	0
bv	uv	1	1296280	1297782	0.1257382836275106	1643	516470	4107500	0
bv	uv	1	1297782	1299319	0.1269190651906519	1626	515926	4065000	0
bv	uv	1	1299319	1300905	0.1237633393829401	1653	511452	4132500	0
bv	uv	1	1300905	1302474	0.1237910921293471	1639	507234	4097500	0
bv	uv	1	1302474	1303993	0.1196485436893203	1648	492952	4120000	0
bv	uv	1	1303993	1305557	0.12475807860262	1603	499968	4007500	0
bv	uv	1	1305557	1307101	0.1228225108225108	1617	496510	4042500	0
bv	uv	1	1307101	1308642	0.1201185	1600	480474	4000000	0
bv	uv	1	1308642	1310222	0.1232113510178901	1621	499314	4052500	0
bv	uv	1	1310222	1311739	0.1230403953057442	1619	498006	4047500	0
bv	uv	1	1311739	1313278	0.1228771498771498	1628	500110	4070000	0
bv	uv	1	1313278	1314827	0.118974460209747	1621	482144	4052500	0
bv	uv	1	1314827	1316381	0.1232413358538122	1587	488960	3967500	0
bv	uv	1	1316381	1317907	0.124387969924812	1596	496308	3990000	0
bv	uv	1	1317907	1319450	0.1240968959220937	1643	509728	4107500	0
bv	uv	1	1319450	1321063	0.1275405275779376	1668	531844	4170000	0
bv	uv	1	1321063	1322519	0.1204973105134474	1636	492834	4090000	0
bv	uv	1	1322519	1324011	0.1205273607748184	1652	497778	4130000	0
bv	uv	1	1324011	1325542	0.1222660770688566	1583	483868	3957500	0
bv	uv	1	1325542	1327003	0.1183112727272727	1650	488034	4125000	0
bv	uv	1	1327003	1328598	0.1174279623824451	1595	468244	3987500	0
bv	uv	1	1328598	1330132	0.1198772228989037	1642	492096	4105000	0
bv	uv	1	1330132	1331646	0.1201513647642679	1612	484210	4030000	0
bv	uv	1	1331646	1333148	0.1220603136308805	1658	505940	4145000	0
bv	uv	1	1333148	1334650	0.1282155541947336	1633	523440	4082500	0
bv	uv	1	1334650	1336193	0.1221627791563275	1612	492316	4030000	0
bv	uv	1	1336193	1337735	0.1208526829268292	1640	495496	4100000	0
bv	uv	1	1337735	1339269	0.125059062103929	1578	493358	3945000	0
bv	uv	1	1339269	1340786	0.1246162703379224	1598	497842	3995000	0
bv	uv	1	1340786	1342335	0.1214541381456129	1607	487942	4017500	0
bv	uv	1	1342335	1343876	0.1269610389610389	1617	513240	4042500	0
bv	uv	1	1343876	1345374	0.1254969201759899	1591	499164	3977500	0
bv	uv	1	1345374	1346943	0.1210232227488151	1688	510718	4220000	0
bv	uv	1	1346943	1348468	0.1200814545454545	1650	495336	4125000	0
bv	uv	1	1348468	1349926	0.1244183936235438	1631	507316	4077500	0
bv	uv	1	1349926	1351399	0.1309240551889622	1667	545626	4167500	0
bv	uv	1	1351399	1352980	0.1265426973275326	1609	509018	4022500	0
bv	uv	1	1352980	1354487	0.1261378151260504	1666	525364	4165000	0
bv	uv	1	1354487	1356032	0.1208590909090909	1584	478602	3960000	0
bv	uv	1	1356032	1357538	0.1204868042526579	1599	481646	3997500	0
bv	uv	1	1357538	1359033	0.1313483709273183	1596	524080	3990000	0
bv	uv	1	1359033	1360546	0.1286543615676359	1582	508828	3955000	0
bv	uv	1	1360546	1362066	0.1235343577135832	1627	502476	4067500	0
bv	uv	1	1362066	1363569	0.1248861464004839	1653	516092	4132500	0
bv	uv	1	1363569	1365056	0.1210981640146878	1634	494686	4085000	0
bv	uv	1	1365056	1366577	0.1227383863080684	1636	502000	4090000	0
bv	uv	1	1366577	1368143	0.1241400607902735	1645	510526	4112500	0
bv	uv	1	1368143	1369692	0.1197640146878825	1634	489236	4085000	0
bv	uv	1	1369692	1371207	0.1206773501577287	1585	478184	3962500	0
bv	uv	1	1371207	1372792	0.1270311704063068	1649	523686	4122500	0
bv	uv	1	1372792	1374298	0.1210863055386488	1643	497362	4107500	0
bv	uv	1	1374298	1375851	0.1287565275016567	1509	485734	3772500	0
bv	uv	1	1375851	1377347	0.1199656019656019	1628	488260	4070000	0
bv	uv	1	1377347	1378858	0.1287819155264723	1681	541206	4202500	0
bv	uv	1	1378858	1380415	0.1253948212083847	1622	508476	4055000	0
bv	uv	1	1380415	1381958	0.1246428309945088	1639	510724	4097500	0
bv	uv	1	1381958	1383464	0.1307635018495684	1622	530246	4055000	0
bv	uv	1	1383464	1385037	0.1218350898946063	1613	491300	4032500	0
bv	uv	1	1385037	1386586	0.123179207920792	1616	497644	4040000	0
bv	uv	1	1386586	1388181	0.1284282973621103	1668	535546	4170000	0
bv	uv	1	1388181	1389764	0.1227844731977818	1623	498198	4057500	0
bv	uv	1	1389764	1391291	0.1280875695732838	1617	517794	4042500	0
bv	uv	1	1391291	1392853	0.1216452554744525	1644	499962	4110000	0
bv	uv	1	1392853	1394367	0.1236673658235657	1621	501162	4052500	0
bv	uv	1	1394367	1395900	0.127554130702836	1622	517232	4055000	0
bv	uv	1	1395900	1397455	0.122878255602665	1651	507180	4127500	0
bv	uv	1	1397455	1398975	0.1269564798071127	1659	526552	4147500	0
bv	uv	1	1398975	1400539	0.1256711656441717	1630	512110	4075000	0
bv	uv	1	1400539	1402125	0.1271848780487804	1640	521458	4100000	0
bv	uv	1	1402125	1403662	0.1179075389408099	1605	473104	4012500	0
bv	uv	1	1403662	1405182	0.1261771667662881	1673	527736	4182500	0
bv	uv	1	1405182	1406690	0.1314867024448419	1677	551258	4192500	0
bv	uv	1	1406690	1408186	0.1246808921036769	1659	517114	4147500	0
bv	uv	1	1408186	1409743	0.1270409756097561	1640	520868	4100000	0
bv	uv	1	1409743	1411267	0.1158114180478821	1629	471642	4072500	0
bv	uv	1	1411267	1412801	0.1223408891671884	1597	488446	3992500	0
bv	uv	1	1412801	1414342	0.1143775510204081	1568	448360	3920000	0
bv	uv	1	1414342	1415841	0.114630731707317	1640	469986	4100000	0
bv	uv	1	1415841	1417371	0.1277944303797468	1580	504788	3950000	0
bv	uv	1	1417371	1418869	0.1177234537660747	1633	480606	4082500	0
bv	uv	1	1418869	1420419	0.118727956337174	1649	489456	4122500	0
bv	uv	1	1420419	1421936	0.1237729389553178	1589	491688	3972500	0
bv	uv	1	1421936	1423482	0.1212340061162079	1635	495544	4087500	0
bv	uv	1	1423482	1425006	0.1263990055935363	1609	508440	4022500	0
bv	uv	1	1425006	1426586	0.1244183994959042	1587	493630	3967500	0
bv	uv	1	1426586	1428072	0.123970707070707	1584	490924	3960000	0
bv	uv	1	1428072	1429569	0.1234846779237023	1599	493630	3997500	0
bv	uv	1	1429569	1431115	0.1213982737361282	1622	492270	4055000	0
bv	uv	1	1431115	1432688	0.1260499078057775	1627	512708	4067500	0
bv	uv	1	1432688	1434245	0.1313556626506024	1660	545126	4150000	0
bv	uv	1	1434245	1435813	0.1252152521525215	1626	509000	4065000	0
bv	uv	1	1435813	1437370	0.1238796768178993	1609	498306	4022500	0
bv	uv	1	1437370	1438943	0.1243783586626139	1645	511506	4112500	0
bv	uv	1	1438943	1440528	0.1330225197808886	1643	546390	4107500	0
bv	uv	1	1440528	1442057	0.1237853188929001	1662	514328	4155000	0
bv	uv	1	1442057	1443609	0.1237389162561576	1624	502380	4060000	0
bv	uv	1	1443609	1445131	0.1235499691928527	1623	501304	4057500	0
bv	uv	1	1445131	1446627	0.1235964735516372	1588	490678	3970000	0
bv	uv	1	1446627	1448155	0.1241123844731977	1623	503586	4057500	0
bv	uv	1	1448155	1449665	0.1170184034125533	1641	480068	4102500	0
bv	uv	1	1449665	1451204	0.1275007751937984	1548	493428	3870000	0
bv	uv	1	1451204	1452775	0.1217050061050061	1638	498382	4095000	0
bv	uv	1	1452775	1454298	0.126917006802721	1617	513062	4042500	0
bv	uv	1	1454298	1455856	0.1301475	1600	520590	4000000	0
bv	uv	1	1455856	1457359	0.1205802782819116	1653	498298	4132500	0
bv	uv	1	1457359	1458920	0.1296329643296433	1626	526958	4065000	0
bv	uv	1	1458920	1460408	0.1219793916821849	1611	491272	4027500	0
bv	uv	1	1460408	1461947	0.1247701204819277	1660	517796	4150000	0
bv	uv	1	1461947	1463467	0.1214407862407862	1628	494264	4070000	0
bv	uv	1	1463467	1464972	0.1196792973651192	1594	476922	3985000	0
bv	uv	1	1464972	1466531	0.1245613402061855	1552	483298	3880000	0
bv	uv	1	1466531	1468071	0.1320576755748912	1609	531202	4022500	0
bv	uv	1	1468071	1469596	0.1228701840490797	1630	500696	4075000	0
bv	uv	1	1469596	1471104	0.1268091189155884	1623	514528	4057500	0
bv	uv	1	1471104	1472638	0.1243709579011592	1639	509610	4097500	0
bv	uv	1	1472638	1474158	0.1248974518334369	1609	502400	4022500	0
bv	uv	1	1474158	1475716	0.1256802402402402	1665	523144	4162500	0
bv	uv	1	1475716	1477252	0.1151946439440048	1643	473162	4107500	0
bv	uv	1	1477252	1478829	0.1130448678549477	1627	459810	4067500	0
bv	uv	1	1478829	1480399	0.1244258461538461	1625	505480	4062500	0
bv	uv	1	1480399	1481942	0.1211282178217821	1616	489358	4040000	0
bv	uv	1	1481942	1483479	0.1271513043478261	1610	511784	4025000	0
bv	uv	1	1483479	1485019	0.1279722084367245	1612	515728	4030000	0
bv	uv	1	1485019	1486545	0.1212850588964662	1613	489082	4032500	0
bv	uv	1	1486545	1488088	0.1297729064039408	1624	526878	4060000	0
bv	uv	1	1488088	1489670	0.1252026911314984	1635	511766	4087500	0
bv	uv	1	1489670	1491244	0.1234022871664548	1574	485588	3935000	0
bv	uv	1	1491244	1492767	0.127678523076923	1625	518694	4062500	0
bv	uv	1	1492767	1494282	0.1165378313253012	1660	483632	4150000	0
bv	uv	1	1494282	1495839	0.1277805178791615	1622	518150	4055000	0
bv	uv	1	1495839	1497318	0.1261740880503144	1590	501542	3975000	0
bv	uv	1	1497318	1498856	0.1263813611281422	1631	515320	4077500	0
bv	uv	1	1498856	1499998	0.1290302729528536	1209	389994	3022500	0
