pop1	pop2	chromosome	window_pos_1	window_pos_2	avg_wc_fst	no_snps
bv	uv	1	1	1318	0.0279372368924607	995
bv	uv	1	1318	2585	0.0221779627596342	999
bv	uv	1	2585	3884	0.0274135876042908	1004
bv	uv	1	3884	5126	0.0103371077112075	999
bv	uv	1	5126	6492	0.0135695814778097	1000
bv	uv	1	6492	7701	0.0195741709097882	1000
bv	uv	1	7701	8959	0.02264431406271	1000
bv	uv	1	8959	10175	0.0224245085905164	997
bv	uv	1	10175	11411	0.0153548185899172	993
bv	uv	1	11411	12645	0.0122632519016885	1001
bv	uv	1	12645	13956	0.0123176842753562	994
bv	uv	1	13956	15266	0.0226144020232912	999
bv	uv	1	15266	16516	0.0256749473271595	1003
bv	uv	1	16516	17792	0.0178210493352691	998
bv	uv	1	17792	19018	0.0145283712843147	1002
bv	uv	1	19018	20312	0.0168481610848572	991
bv	uv	1	20312	21560	0.0242183386831066	998
bv	uv	1	21560	22906	0.0243636811771145	996
bv	uv	1	22906	24124	0.019327050099355	999
bv	uv	1	24124	25451	0.0259210785993996	995
bv	uv	1	25451	26651	0.0103576213542203	1002
bv	uv	1	26651	27910	0.0149436049765379	998
bv	uv	1	27910	29243	0.0257223976146628	1001
bv	uv	1	29243	30515	0.0167833979696746	1000
bv	uv	1	30515	31729	0.015558444319083	992
bv	uv	1	31729	32924	0.0194255011365984	997
bv	uv	1	32924	34131	0.0136726489630048	1001
bv	uv	1	34131	35354	0.0157608046035892	998
bv	uv	1	35354	36658	0.024392198342869	996
bv	uv	1	36658	37914	0.0169953020209121	997
bv	uv	1	37914	39208	0.020318009082054	1001
bv	uv	1	39208	40439	0.0198217403493578	998
bv	uv	1	40439	41681	0.0174915523752733	995
bv	uv	1	41681	42941	0.0177100669995305	998
bv	uv	1	42941	44331	0.0197242562174285	1002
bv	uv	1	44331	45616	0.017933839870096	1000
bv	uv	1	45616	46911	0.0266312852963189	995
bv	uv	1	46911	48202	0.0219716751673703	1000
bv	uv	1	48202	49471	0.016290370225832	990
bv	uv	1	49471	50759	0.0098572781711056	1000
bv	uv	1	50759	52086	0.0150851824981862	995
bv	uv	1	52086	53463	0.0168366586750105	996
bv	uv	1	53463	54789	0.0165641497554124	999
bv	uv	1	54789	56103	0.0169175627240143	1000
bv	uv	1	56103	57354	0.0178793519589111	994
bv	uv	1	57354	58672	0.025378813237821	999
bv	uv	1	58672	59977	0.0242749180551214	1002
bv	uv	1	59977	61281	0.0314166197364623	999
bv	uv	1	61281	62539	0.0161149167742799	992
bv	uv	1	62539	63803	0.0203449923866048	997
bv	uv	1	63803	65146	0.020742386278511	999
bv	uv	1	65146	66536	0.0266115219116848	996
bv	uv	1	66536	67749	0.0192451450615768	999
bv	uv	1	67749	68999	0.0223738102525981	1002
bv	uv	1	68999	70212	0.0165605439969717	998
bv	uv	1	70212	71581	0.0086740029408798	996
bv	uv	1	71581	72893	0.0161716005177601	1003
bv	uv	1	72893	74152	0.0225780855514679	996
bv	uv	1	74152	75447	0.0176896777166864	998
bv	uv	1	75447	76678	0.0255578138548052	998
bv	uv	1	76678	77990	0.0104183984483236	997
bv	uv	1	77990	79227	0.0246001516739521	998
bv	uv	1	79227	80511	0.0067736985891246	999
bv	uv	1	80511	81719	0.0178859368410607	1002
bv	uv	1	81719	83010	0.0211220068287299	1000
bv	uv	1	83010	84300	0.0271480688002037	993
bv	uv	1	84300	85556	0.0143200585345458	1002
bv	uv	1	85556	86950	0.0167124237012554	992
bv	uv	1	86950	88215	0.0136629340094372	1000
bv	uv	1	88215	89458	0.0231667112180343	997
bv	uv	1	89458	90706	0.0161619777328912	1000
bv	uv	1	90706	91985	0.0147950000825613	1001
bv	uv	1	91985	93283	0.0138334442226657	998
bv	uv	1	93283	94470	0.0104667774570687	997
bv	uv	1	94470	95691	0.0090379675722009	1002
bv	uv	1	95691	96955	0.0163374357085471	996
bv	uv	1	96955	98198	0.0173799426675902	996
bv	uv	1	98198	99516	0.0185464499189989	996
bv	uv	1	99516	100758	0.0254299935932186	1001
bv	uv	1	100758	102098	0.021999943005329	999
bv	uv	1	102098	103403	0.0264907791551768	998
bv	uv	1	103403	104662	0.0156944050148685	997
bv	uv	1	104662	105992	0.0199745557840457	1001
bv	uv	1	105992	107274	0.0214790488048779	997
bv	uv	1	107274	108514	0.0125553415120483	995
bv	uv	1	108514	109819	0.0243640973277481	1001
bv	uv	1	109819	111105	0.0226009654017543	999
bv	uv	1	111105	112366	0.0230218778618456	999
bv	uv	1	112366	113665	0.0134294026114606	998
bv	uv	1	113665	114956	0.015201129653118	993
bv	uv	1	114956	116222	0.0209151948821883	997
bv	uv	1	116222	117431	0.0179805201707422	1001
bv	uv	1	117431	118683	0.0225829615682549	990
bv	uv	1	118683	119996	0.0237945712092666	997
bv	uv	1	119996	121261	0.0189131499755056	999
bv	uv	1	121261	122589	0.0132337042054987	1001
bv	uv	1	122589	123792	0.0220613197992713	1000
bv	uv	1	123792	125005	0.0125884683273455	997
bv	uv	1	125005	126281	0.0117697872799913	999
bv	uv	1	126281	127525	0.0229143906973433	1002
bv	uv	1	127525	128753	0.0218172062552466	1001
bv	uv	1	128753	129961	0.0213466069909789	999
bv	uv	1	129961	131210	0.0251315053319051	1002
bv	uv	1	131210	132451	0.0235489385440917	997
bv	uv	1	132451	133692	0.0200434971246024	997
bv	uv	1	133692	134983	0.0215026255924431	1001
bv	uv	1	134983	136257	0.02183621044831	999
bv	uv	1	136257	137534	0.0183581850248516	996
bv	uv	1	137534	138735	0.0217707698306778	996
bv	uv	1	138735	140030	0.0109821028349022	998
bv	uv	1	140030	141358	0.0294214332675871	1002
bv	uv	1	141358	142661	0.0164561806352851	997
bv	uv	1	142661	144007	0.0168527365471902	995
bv	uv	1	144007	145256	0.0196975160432588	996
bv	uv	1	145256	146590	0.0161710744171477	997
bv	uv	1	146590	147816	0.0248193163710276	998
bv	uv	1	147816	149095	0.0244812596249975	992
bv	uv	1	149095	150360	0.0227795013213834	1003
bv	uv	1	150360	151638	0.0176113371910003	994
bv	uv	1	151638	152925	0.0211398195079737	1000
bv	uv	1	152925	154228	0.0228153250107619	993
bv	uv	1	154228	155481	0.0289886316273588	994
bv	uv	1	155481	156786	0.0147237246431041	994
bv	uv	1	156786	158123	0.0196950601724862	1001
bv	uv	1	158123	159477	0.0205200422471458	997
bv	uv	1	159477	160692	0.0212257148563809	1000
bv	uv	1	160692	161992	0.0204920623143361	999
bv	uv	1	161992	163292	0.0222710171808158	1002
bv	uv	1	163292	164535	0.0295410556703736	999
bv	uv	1	164535	165828	0.020794348991875	993
bv	uv	1	165828	167089	0.0146194639529883	999
bv	uv	1	167089	168344	0.0133435976392096	996
bv	uv	1	168344	169596	0.0135759440162758	1000
bv	uv	1	169596	170873	0.0154144115462167	1002
bv	uv	1	170873	172175	0.0114805427165647	1001
bv	uv	1	172175	173487	0.0163393074011304	999
bv	uv	1	173487	174835	0.021587888786129	996
bv	uv	1	174835	176151	0.0128012277654502	999
bv	uv	1	176151	177380	0.0215508299453887	1002
bv	uv	1	177380	178649	0.0257267498837984	1001
bv	uv	1	178649	179844	0.0279386502380912	1002
bv	uv	1	179844	181133	0.0224396695697008	994
bv	uv	1	181133	182474	0.0143152095163641	990
bv	uv	1	182474	183769	0.0181474665261181	997
bv	uv	1	183769	185060	0.0201842532423467	1001
bv	uv	1	185060	186337	0.021077651084473	998
bv	uv	1	186337	187608	0.023374310240845	1001
bv	uv	1	187608	188841	0.0171638959692631	1002
bv	uv	1	188841	190126	0.0140597539543057	1000
bv	uv	1	190126	191314	0.0101902772107618	1005
bv	uv	1	191314	192591	0.0085023105892413	1001
bv	uv	1	192591	193859	0.0189918567871323	998
bv	uv	1	193859	195124	0.0215546431597231	1000
bv	uv	1	195124	196423	0.0241242085708685	999
bv	uv	1	196423	197673	0.0230385511956167	999
bv	uv	1	197673	198982	0.01835079618777	992
bv	uv	1	198982	200343	0.0254495602021581	991
bv	uv	1	200343	201708	0.0209229730869821	1002
bv	uv	1	201708	203007	0.0194822387919474	998
bv	uv	1	203007	204330	0.0256666721323123	998
bv	uv	1	204330	205586	0.0123581421564915	1000
bv	uv	1	205586	206841	0.0190558801547165	998
bv	uv	1	206841	208090	0.0171685462930666	1000
bv	uv	1	208090	209339	0.0135490627808977	1001
bv	uv	1	209339	210599	0.0192050578371034	999
bv	uv	1	210599	211815	0.0157573041969691	998
bv	uv	1	211815	213080	0.0234088025111868	1000
bv	uv	1	213080	214324	0.021994150898099	997
bv	uv	1	214324	215666	0.0197113406526776	995
bv	uv	1	215666	216903	0.0192212653649201	999
bv	uv	1	216903	218230	0.0231482647899467	1000
bv	uv	1	218230	219494	0.0176841382355105	996
bv	uv	1	219494	220826	0.0099382494312447	1000
bv	uv	1	220826	222107	0.0190599455430127	1000
bv	uv	1	222107	223470	0.0173964746724974	1001
bv	uv	1	223470	224834	0.0213665431753379	1000
bv	uv	1	224834	226173	0.0329492282980655	1001
bv	uv	1	226173	227415	0.0320872401697853	1001
bv	uv	1	227415	228740	0.032869366829968	1003
bv	uv	1	228740	230053	0.0231669517609639	1001
bv	uv	1	230053	231355	0.0247173841512043	999
bv	uv	1	231355	232655	0.0219032833803292	993
bv	uv	1	232655	233925	0.020024350439085	1003
bv	uv	1	233925	235223	0.0217914346600673	999
bv	uv	1	235223	236513	0.0322799691035793	996
bv	uv	1	236513	237719	0.0203177932595866	996
bv	uv	1	237719	238979	0.0174453410231114	999
bv	uv	1	238979	240229	0.0275467705864234	998
bv	uv	1	240229	241543	0.0225992310723452	998
bv	uv	1	241543	242870	0.0194807792311692	994
bv	uv	1	242870	244227	0.0140749432330541	996
bv	uv	1	244227	245560	0.0152706881975879	996
bv	uv	1	245560	246920	0.0161200967476049	997
bv	uv	1	246920	248227	0.0150825061774929	998
bv	uv	1	248227	249505	0.0138058770949094	1001
bv	uv	1	249505	250737	0.0190059889221011	998
bv	uv	1	250737	251948	0.0198950940028457	998
bv	uv	1	251948	253268	0.0157602626430556	996
bv	uv	1	253268	254560	0.0201079042833455	1000
bv	uv	1	254560	255831	0.02431004564696	996
bv	uv	1	255831	257207	0.0330429259286173	998
bv	uv	1	257207	258563	0.0212509937901544	997
bv	uv	1	258563	259858	0.0276179210094422	994
bv	uv	1	259858	261142	0.0225873049198684	995
bv	uv	1	261142	262465	0.0202954681681461	993
bv	uv	1	262465	263767	0.0184382658940773	997
bv	uv	1	263767	265064	0.0126526191413942	994
bv	uv	1	265064	266418	0.0187257879908434	1002
bv	uv	1	266418	267738	0.0192293772770043	1002
bv	uv	1	267738	268971	0.016902307353519	1002
bv	uv	1	268971	270335	0.0178702667254615	1000
bv	uv	1	270335	271620	0.0171621316026798	1000
bv	uv	1	271620	272918	0.0089663367653046	1001
bv	uv	1	272918	274163	0.0229369891906142	1001
bv	uv	1	274163	275436	0.0270909222492943	997
bv	uv	1	275436	276778	0.0163289396025968	1001
bv	uv	1	276778	278092	0.0166326472058956	1001
bv	uv	1	278092	279417	0.0222211088007615	997
bv	uv	1	279417	280760	0.0271663083171222	994
bv	uv	1	280760	282096	0.0252295448244369	997
bv	uv	1	282096	283453	0.0253927427692462	998
bv	uv	1	283453	284835	0.0176011331053304	1000
bv	uv	1	284835	286159	0.0155235815296527	994
bv	uv	1	286159	287463	0.0129220059578979	1000
bv	uv	1	287463	288769	0.0110355620311909	1000
bv	uv	1	288769	290128	0.0104522253649338	998
bv	uv	1	290128	291476	0.023806270142234	998
bv	uv	1	291476	292866	0.0224560696843059	1000
bv	uv	1	292866	294160	0.013635539536029	997
bv	uv	1	294160	295500	0.0143957166272892	1000
bv	uv	1	295500	296846	0.01581931211008	992
bv	uv	1	296846	298206	0.0235477336330956	998
bv	uv	1	298206	299543	0.0200631065071143	998
bv	uv	1	299543	300847	0.0178021699616736	995
bv	uv	1	300847	302195	0.0231987123455847	997
bv	uv	1	302195	303551	0.024613907886392	998
bv	uv	1	303551	304848	0.0207676017388961	998
bv	uv	1	304848	306195	0.0184518796416813	998
bv	uv	1	306195	307612	0.0206289030806243	999
bv	uv	1	307612	308912	0.0240255693350943	996
bv	uv	1	308912	310291	0.0204916907018266	996
bv	uv	1	310291	311692	0.0114420803782505	1001
bv	uv	1	311692	313046	0.0214166938240037	999
bv	uv	1	313046	314414	0.0175810886356116	999
bv	uv	1	314414	315758	0.0107425780025721	1001
bv	uv	1	315758	317095	0.0217299684755306	1000
bv	uv	1	317095	318451	0.0121967564669615	999
bv	uv	1	318451	319796	0.0167327057517098	1000
bv	uv	1	319796	321053	0.0119479346512133	1001
bv	uv	1	321053	322405	0.0166763475347458	995
bv	uv	1	322405	323658	0.0169015366067264	999
bv	uv	1	323658	324990	0.014818835216526	1004
bv	uv	1	324990	326350	0.021294914642908	995
bv	uv	1	326350	327722	0.0249677325606243	997
bv	uv	1	327722	329060	0.0199198584130285	1001
bv	uv	1	329060	330343	0.0238339333539963	999
bv	uv	1	330343	331693	0.0158515889086096	999
bv	uv	1	331693	333087	0.0197813682604701	1000
bv	uv	1	333087	334374	0.0247404462116191	996
bv	uv	1	334374	335700	0.015571520738335	1000
bv	uv	1	335700	337018	0.0132422767542406	998
bv	uv	1	337018	338374	0.0213109817006443	998
bv	uv	1	338374	339586	0.0243605359317904	997
bv	uv	1	339586	340915	0.0214130575770872	998
bv	uv	1	340915	342247	0.0190457282774138	997
bv	uv	1	342247	343566	0.0199017001047457	999
bv	uv	1	343566	344905	0.0206769415694365	997
bv	uv	1	344905	346217	0.0264947153209543	999
bv	uv	1	346217	347608	0.0374787286977701	999
bv	uv	1	347608	348896	0.033963196245523	996
bv	uv	1	348896	350225	0.0250543361436862	1001
bv	uv	1	350225	351534	0.0168455262723644	1002
bv	uv	1	351534	352852	0.0186579975108364	999
bv	uv	1	352852	354159	0.0198716308603153	1003
bv	uv	1	354159	355414	0.0146291078304661	1000
bv	uv	1	355414	356779	0.012367183417523	999
bv	uv	1	356779	358102	0.0124521558746103	994
bv	uv	1	358102	359429	0.0163147259969802	999
bv	uv	1	359429	360807	0.0223121396790933	1000
bv	uv	1	360807	362178	0.0208947153529535	998
bv	uv	1	362178	363636	0.0124141640821335	991
bv	uv	1	363636	364991	0.0186972722548401	994
bv	uv	1	364991	366329	0.0171935934855657	999
bv	uv	1	366329	367680	0.0257628744652488	1004
bv	uv	1	367680	369012	0.0195288964274598	1001
bv	uv	1	369012	370356	0.0150663564513458	998
bv	uv	1	370356	371691	0.0209763786328108	1000
bv	uv	1	371691	373047	0.0202850324358845	1000
bv	uv	1	373047	374396	0.0284844636287883	997
bv	uv	1	374396	375767	0.0272202108765909	996
bv	uv	1	375767	377136	0.0180269093301662	997
bv	uv	1	377136	378499	0.0289194732804108	1003
bv	uv	1	378499	379868	0.021769151580586	999
bv	uv	1	379868	381169	0.0240206733722887	1003
bv	uv	1	381169	382472	0.0140315817341771	998
bv	uv	1	382472	383828	0.0244979217166037	997
bv	uv	1	383828	385252	0.0273356698069729	1001
bv	uv	1	385252	386650	0.0264154860138045	1000
bv	uv	1	386650	387944	0.018894962369609	999
bv	uv	1	387944	389341	0.0139761139683606	1000
bv	uv	1	389341	390722	0.0220235380974095	993
bv	uv	1	390722	392139	0.017944673013759	995
bv	uv	1	392139	393437	0.0294616286871853	1002
bv	uv	1	393437	394787	0.0321455166559914	998
bv	uv	1	394787	396168	0.0243025365235779	999
bv	uv	1	396168	397613	0.0264913853201872	996
bv	uv	1	397613	398984	0.0243768242728355	995
bv	uv	1	398984	400408	0.017479320972448	996
bv	uv	1	400408	401775	0.0164813893036889	997
bv	uv	1	401775	403160	0.0191011805238891	1000
bv	uv	1	403160	404568	0.0222938941662957	998
bv	uv	1	404568	405931	0.021100834547323	999
bv	uv	1	405931	407408	0.0340127835597208	996
bv	uv	1	407408	408820	0.0270703874026823	1001
bv	uv	1	408820	410146	0.0248213455114381	998
bv	uv	1	410146	411546	0.0209052467445142	992
bv	uv	1	411546	412865	0.0202203921700713	997
bv	uv	1	412865	414232	0.018848517575664	997
bv	uv	1	414232	415611	0.0172088676542964	999
bv	uv	1	415611	417073	0.0178159625017429	996
bv	uv	1	417073	418411	0.0291917445682332	999
bv	uv	1	418411	419889	0.0173906431605131	999
bv	uv	1	419889	421318	0.0203764466691681	1000
bv	uv	1	421318	422720	0.0214978237014846	997
bv	uv	1	422720	424090	0.0127997686922773	995
bv	uv	1	424090	425474	0.0290764352695135	1001
bv	uv	1	425474	426894	0.0323738213642048	1000
bv	uv	1	426894	428312	0.0201725861170939	998
bv	uv	1	428312	429792	0.0217285394134268	996
bv	uv	1	429792	431209	0.0266879479444346	999
bv	uv	1	431209	432591	0.02343608100216	996
bv	uv	1	432591	434051	0.0216730362336186	995
bv	uv	1	434051	435442	0.0187582875144635	993
bv	uv	1	435442	436843	0.0206621092249788	995
bv	uv	1	436843	438216	0.0158730158730158	996
bv	uv	1	438216	439631	0.0241349884879808	1000
bv	uv	1	439631	440985	0.0236243935075084	992
bv	uv	1	440985	442340	0.0148902933631425	1000
bv	uv	1	442340	443763	0.0233236151603498	1002
bv	uv	1	443763	445156	0.0116079517001176	999
bv	uv	1	445156	446522	0.0145483613109512	1001
bv	uv	1	446522	447927	0.0133167392657125	998
bv	uv	1	447927	449362	0.0086322958739209	1002
bv	uv	1	449362	450834	0.018082230070039	1001
bv	uv	1	450834	452243	0.0184774218448475	998
bv	uv	1	452243	453695	0.0250630689919929	1003
bv	uv	1	453695	455111	0.0141479447993546	997
bv	uv	1	455111	456498	0.0179885619262704	996
bv	uv	1	456498	457966	0.0191601420335821	998
bv	uv	1	457966	459384	0.0197015425888665	1002
bv	uv	1	459384	460813	0.0148524158676442	1001
bv	uv	1	460813	462297	0.0103844833504977	1002
bv	uv	1	462297	463726	0.0218224308596971	1000
bv	uv	1	463726	465197	0.0229588704726826	997
bv	uv	1	465197	466648	0.0218721342821385	996
bv	uv	1	466648	468157	0.0264536406495547	997
bv	uv	1	468157	469635	0.0218673191592544	1002
bv	uv	1	469635	471066	0.0170126379596271	1001
bv	uv	1	471066	472480	0.0182750285547321	1003
bv	uv	1	472480	473950	0.0213737267939938	1001
bv	uv	1	473950	475403	0.0183654061160547	1003
bv	uv	1	475403	476811	0.0184470850844113	996
bv	uv	1	476811	478214	0.0251000757329871	1001
bv	uv	1	478214	479629	0.0179222408735608	994
bv	uv	1	479629	481166	0.0270067516879219	1005
bv	uv	1	481166	482601	0.0179415348524705	998
bv	uv	1	482601	484139	0.0244693322690878	1002
bv	uv	1	484139	485614	0.0241307365568605	998
bv	uv	1	485614	487105	0.025135370389211	997
bv	uv	1	487105	488685	0.0197115465336892	998
bv	uv	1	488685	490100	0.0149137028988006	1002
bv	uv	1	490100	490770	0.0171205396323879	998
bv	uv	1	490770	491387	0.0172463034362789	1006
bv	uv	1	491387	492041	0.0237725488654308	997
bv	uv	1	492041	492668	0.027792823697926	1003
bv	uv	1	492668	493263	0.035953563678545	999
bv	uv	1	493263	493895	0.0392854912247829	1002
bv	uv	1	493895	494500	0.0377333120698443	999
bv	uv	1	494500	495096	0.0288816165394005	999
bv	uv	1	495096	495705	0.0366502561042319	1002
bv	uv	1	495705	496335	0.0336777111542756	1001
bv	uv	1	496335	496980	0.0215521144616499	999
bv	uv	1	496980	497606	0.0205509678607372	1002
bv	uv	1	497606	498235	0.0176963432777386	1001
bv	uv	1	498235	498883	0.017846932117078	998
bv	uv	1	498883	499502	0.0168905168905168	999
bv	uv	1	499502	500247	0.0156281590517488	1000
bv	uv	1	500247	501581	0.0187685587792384	1001
bv	uv	1	501581	502820	0.0176155163851643	1000
bv	uv	1	502820	504039	0.0078439327856104	997
bv	uv	1	504039	505251	0.0235690235690235	997
bv	uv	1	505251	506411	0.020554762213856	999
bv	uv	1	506411	507661	0.012854752604733	997
bv	uv	1	507661	508863	0.0192309335247029	998
bv	uv	1	508863	510038	0.0179437575349763	1001
bv	uv	1	510038	511286	0.0223700571284501	996
bv	uv	1	511286	512489	0.018547367019506	1001
bv	uv	1	512489	513781	0.0056557648941181	997
bv	uv	1	513781	515028	0.0132940912378719	999
bv	uv	1	515028	516263	0.0080136997688995	998
bv	uv	1	516263	517451	0.0179360512750257	1000
bv	uv	1	517451	518695	0.0236362276089094	1001
bv	uv	1	518695	519945	0.0187887549687564	999
bv	uv	1	519945	521210	0.01573158448931	994
bv	uv	1	521210	522466	0.0179037651790376	999
bv	uv	1	522466	523794	0.0180172653856864	996
bv	uv	1	523794	525084	0.0146782085058336	999
bv	uv	1	525084	526317	0.0203456073107837	999
bv	uv	1	526317	527653	0.0180402824080984	998
bv	uv	1	527653	528852	0.0232546370100458	998
bv	uv	1	528852	530111	0.0293823808181981	994
bv	uv	1	530111	531284	0.0202148603580621	1000
bv	uv	1	531284	532490	0.0266451396783033	999
bv	uv	1	532490	533720	0.0218089548403674	997
bv	uv	1	533720	535000	0.0204902000458635	999
bv	uv	1	535000	536246	0.0305285282318916	996
bv	uv	1	536246	537558	0.0187119417538476	1001
bv	uv	1	537558	538824	0.0264778202311858	998
bv	uv	1	538824	540111	0.0195997750620636	1001
bv	uv	1	540111	541434	0.0181282630459784	998
bv	uv	1	541434	542748	0.0199772930405584	1000
bv	uv	1	542748	544018	0.0224146613886567	996
bv	uv	1	544018	545254	0.018249799182862	999
bv	uv	1	545254	546535	0.0151114198449715	1002
bv	uv	1	546535	547787	0.0121964116767707	1002
bv	uv	1	547787	549062	0.023171028571752	1001
bv	uv	1	549062	550312	0.0202172186695804	997
bv	uv	1	550312	551547	0.0238675893131569	999
bv	uv	1	551547	552776	0.025191283479775	1000
bv	uv	1	552776	553958	0.0230020279430383	1001
bv	uv	1	553958	555198	0.0322624153651101	1000
bv	uv	1	555198	556516	0.0242399115533443	997
bv	uv	1	556516	557813	0.0237569090051562	1001
bv	uv	1	557813	559140	0.0131484620769341	998
bv	uv	1	559140	560400	0.0260266363180641	1000
bv	uv	1	560400	561632	0.0198230588181066	997
bv	uv	1	561632	562933	0.0130790298332755	997
bv	uv	1	562933	564226	0.0114770071828301	1001
bv	uv	1	564226	565502	0.014444178437475	1001
bv	uv	1	565502	566686	0.0186975440129626	1001
bv	uv	1	566686	567932	0.0239314104965247	1001
bv	uv	1	567932	569177	0.0162854507856312	998
bv	uv	1	569177	570462	0.0221386900984982	995
bv	uv	1	570462	571665	0.0155363919790879	997
bv	uv	1	571665	572915	0.0153033758321903	1000
bv	uv	1	572915	574250	0.0242502163031964	1001
bv	uv	1	574250	575511	0.0325837798309637	999
bv	uv	1	575511	576727	0.0152831654573556	1003
bv	uv	1	576727	577991	0.0134340541512749	997
bv	uv	1	577991	579293	0.0204372202278065	1002
bv	uv	1	579293	580534	0.0143925438043085	997
bv	uv	1	580534	581780	0.01609309764715	994
bv	uv	1	581780	583065	0.0261111383215512	1004
bv	uv	1	583065	584360	0.0265703508845184	1000
bv	uv	1	584360	585648	0.0199210860999934	1001
bv	uv	1	585648	586865	0.0205364567916895	999
bv	uv	1	586865	588107	0.0196357149825104	1001
bv	uv	1	588107	589400	0.0159445069991798	1001
bv	uv	1	589400	590753	0.0200539265251095	1001
bv	uv	1	590753	592027	0.0086514911003103	1000
bv	uv	1	592027	593362	0.0111252374815852	1000
bv	uv	1	593362	594684	0.0178003098155189	998
bv	uv	1	594684	595945	0.0172499443273892	1003
bv	uv	1	595945	597162	0.0144426811258789	998
bv	uv	1	597162	598467	0.0153451584863115	998
bv	uv	1	598467	599735	0.0157089515631041	1000
bv	uv	1	599735	600929	0.0143063733085425	1001
bv	uv	1	600929	602264	0.018398395378332	1000
bv	uv	1	602264	603552	0.0112285504270904	999
bv	uv	1	603552	604897	0.0139345736380143	996
bv	uv	1	604897	606187	0.0240582149398544	1002
bv	uv	1	606187	607476	0.0214350767629456	999
bv	uv	1	607476	608718	0.0179511608083036	996
bv	uv	1	608718	610034	0.0192883752110859	1000
bv	uv	1	610034	611248	0.0257120812876597	1000
bv	uv	1	611248	612517	0.0249325826749302	1002
bv	uv	1	612517	613733	0.017386593114318	1000
bv	uv	1	613733	615031	0.0196182209519777	998
bv	uv	1	615031	616274	0.0175902165536048	997
bv	uv	1	616274	617578	0.0216836510199412	1001
bv	uv	1	617578	618890	0.022880252244842	998
bv	uv	1	618890	620111	0.0115988320508477	998
bv	uv	1	620111	621421	0.0209965842877235	1002
bv	uv	1	621421	622700	0.0116470408810332	1002
bv	uv	1	622700	624042	0.0266585943340183	998
bv	uv	1	624042	625386	0.0206750278267118	1003
bv	uv	1	625386	626661	0.0212931975152856	1000
bv	uv	1	626661	627880	0.0263070152959298	1001
bv	uv	1	627880	629210	0.0209458743777142	997
bv	uv	1	629210	630487	0.0200722797421371	1001
bv	uv	1	630487	631817	0.0135412605588044	999
bv	uv	1	631817	633073	0.0194913487596414	1002
bv	uv	1	633073	634320	0.0266853546596311	1000
bv	uv	1	634320	635518	0.0169038651690386	1000
bv	uv	1	635518	636733	0.0143410953108676	1000
bv	uv	1	636733	637991	0.0204390115667718	999
bv	uv	1	637991	639316	0.017958208820067	997
bv	uv	1	639316	640648	0.0251335648266935	999
bv	uv	1	640648	641867	0.0218270446908875	997
bv	uv	1	641867	643086	0.017391622420871	1001
bv	uv	1	643086	644346	0.0157964667093154	1000
bv	uv	1	644346	645660	0.0170907964260892	997
bv	uv	1	645660	646893	0.0140550323803059	995
bv	uv	1	646893	648111	0.0164148674786972	999
bv	uv	1	648111	649378	0.0149953724995883	993
bv	uv	1	649378	650648	0.0204766196054871	1000
bv	uv	1	650648	651968	0.0178989707468114	1000
bv	uv	1	651968	653265	0.016187529114261	998
bv	uv	1	653265	654512	0.0179259471840903	998
bv	uv	1	654512	655767	0.0127942515281571	999
bv	uv	1	655767	656998	0.0144877600577541	999
bv	uv	1	656998	658299	0.0282837233216282	1001
bv	uv	1	658299	659566	0.0156710262754801	997
bv	uv	1	659566	660879	0.0223800840585471	1001
bv	uv	1	660879	662203	0.0136788449974429	995
bv	uv	1	662203	663505	0.015640548057051	1000
bv	uv	1	663505	664751	0.0131758961082696	998
bv	uv	1	664751	666103	0.0179324547854568	1000
bv	uv	1	666103	667372	0.0108741112505227	999
bv	uv	1	667372	668672	0.0157668288924697	999
bv	uv	1	668672	670069	0.0198395355487571	1000
bv	uv	1	670069	671355	0.0243530442691868	998
bv	uv	1	671355	672709	0.0143415235941194	1001
bv	uv	1	672709	674067	0.0152632022774128	999
bv	uv	1	674067	675344	0.0197295400727451	996
bv	uv	1	675344	676656	0.014918980655293	997
bv	uv	1	676656	677964	0.0211387295517314	1002
bv	uv	1	677964	679268	0.0260754526100466	1000
bv	uv	1	679268	680553	0.0228805037667111	999
bv	uv	1	680553	681828	0.026276257788066	1000
bv	uv	1	681828	683160	0.0257257518385888	999
bv	uv	1	683160	684505	0.0244173110162273	998
bv	uv	1	684505	685818	0.0278215987509	1001
bv	uv	1	685818	687065	0.0224724341616116	999
bv	uv	1	687065	688326	0.0218812585861595	1003
bv	uv	1	688326	689564	0.0237709390741152	999
bv	uv	1	689564	690839	0.0179171077644594	1003
bv	uv	1	690839	692108	0.0156001915370851	997
bv	uv	1	692108	693332	0.0171490088226141	995
bv	uv	1	693332	694623	0.0141350422215546	1002
bv	uv	1	694623	695864	0.019035343837406	997
bv	uv	1	695864	697131	0.0170598427295748	999
bv	uv	1	697131	698392	0.0204264000925903	1001
bv	uv	1	698392	699624	0.0304079441760601	998
bv	uv	1	699624	700847	0.0252771844166412	1001
bv	uv	1	700847	702150	0.0132693514959194	1000
bv	uv	1	702150	703435	0.0145473877531293	998
bv	uv	1	703435	704688	0.0064205503907594	998
bv	uv	1	704688	706042	0.0115663127503026	997
bv	uv	1	706042	707356	0.0179620274407004	1000
bv	uv	1	707356	708685	0.0177544988288853	1001
bv	uv	1	708685	709945	0.0101673867487646	1002
bv	uv	1	709945	711222	0.0161929637648783	993
bv	uv	1	711222	712528	0.0239382759724398	993
bv	uv	1	712528	713803	0.01459699955255	1002
bv	uv	1	713803	715106	0.0143091003163778	1002
bv	uv	1	715106	716399	0.010070146041759	1000
bv	uv	1	716399	717618	0.0119282426974734	1000
bv	uv	1	717618	718926	0.0101198762902049	1000
bv	uv	1	718926	720198	0.0147124878406344	998
bv	uv	1	720198	721520	0.0151263757535534	1001
bv	uv	1	721520	722816	0.0121853157666852	994
bv	uv	1	722816	724143	0.0142027931976385	998
bv	uv	1	724143	725469	0.0152992524492733	1002
bv	uv	1	725469	726726	0.0154585271543605	1002
bv	uv	1	726726	727975	0.0134495264960709	996
bv	uv	1	727975	729310	0.0230510361579919	1001
bv	uv	1	729310	730611	0.0162537918588567	996
bv	uv	1	730611	731871	0.0209756863801092	995
bv	uv	1	731871	733106	0.0238008268881583	999
bv	uv	1	733106	734459	0.0165577450322623	995
bv	uv	1	734459	735778	0.0199978826426848	993
bv	uv	1	735778	737137	0.02909372832252	1001
bv	uv	1	737137	738476	0.0180708118758297	998
bv	uv	1	738476	739841	0.0284998290067736	1002
bv	uv	1	739841	741233	0.0244148252664466	998
bv	uv	1	741233	742538	0.0141405689349103	999
bv	uv	1	742538	743873	0.0182991314522298	996
bv	uv	1	743873	745141	0.0166068971554089	999
bv	uv	1	745141	746491	0.0041536588457604	1000
bv	uv	1	746491	747868	0.0128528041201097	1000
bv	uv	1	747868	749213	0.0152242296573769	995
bv	uv	1	749213	750512	0.0155670414852916	994
bv	uv	1	750512	751816	0.0171640782461026	994
bv	uv	1	751816	753077	0.0182959671446845	999
bv	uv	1	753077	754328	0.0258019586255522	999
bv	uv	1	754328	755618	0.0181919405282376	1000
bv	uv	1	755618	757044	0.0186860472995866	1000
bv	uv	1	757044	758341	0.011051928926325	997
bv	uv	1	758341	759656	0.0204229018659411	998
bv	uv	1	759656	761046	0.0210954743800346	999
bv	uv	1	761046	762443	0.0109457631287664	999
bv	uv	1	762443	763724	0.0184021669319482	997
bv	uv	1	763724	764998	0.0090810602322164	999
bv	uv	1	764998	766311	0.0151941323646806	1000
bv	uv	1	766311	767600	0.0185958213334196	1001
bv	uv	1	767600	768975	0.0199663218667308	1002
bv	uv	1	768975	770312	0.0109572269398391	996
bv	uv	1	770312	771593	0.0109425516040785	998
bv	uv	1	771593	772909	0.0099309300143566	999
bv	uv	1	772909	774164	0.0209053255888047	996
bv	uv	1	774164	775427	0.0240980351886082	1001
bv	uv	1	775427	776735	0.0193208998866411	998
bv	uv	1	776735	777990	0.0177230837407689	997
bv	uv	1	777990	779304	0.0207237165186401	999
bv	uv	1	779304	780598	0.01995114345981	999
bv	uv	1	780598	781949	0.0245640829833269	999
bv	uv	1	781949	783288	0.0146803668401721	1004
bv	uv	1	783288	784572	0.0184795900141516	1000
bv	uv	1	784572	785878	0.019083104582756	1002
bv	uv	1	785878	787240	0.0209972599528184	998
bv	uv	1	787240	788510	0.0194291877776358	998
bv	uv	1	788510	789791	0.0072211281119022	999
bv	uv	1	789791	791093	0.0051098064796694	998
bv	uv	1	791093	792403	0.0173591843369374	1006
bv	uv	1	792403	793745	0.0173307793840171	997
bv	uv	1	793745	795088	0.0196554234409124	1003
bv	uv	1	795088	796356	0.0199617033534983	1001
bv	uv	1	796356	797633	0.0147261747141077	997
bv	uv	1	797633	798986	0.0188709812736682	993
bv	uv	1	798986	800273	0.0140294033370803	1002
bv	uv	1	800273	801598	0.0162848391612268	997
bv	uv	1	801598	803033	0.0266421117249846	996
bv	uv	1	803033	804388	0.0251385186453297	999
bv	uv	1	804388	805734	0.0163134880591994	1002
bv	uv	1	805734	807147	0.0169609744479602	998
bv	uv	1	807147	808463	0.0162655319528391	1000
bv	uv	1	808463	809759	0.019539089582193	1001
bv	uv	1	809759	811042	0.0288727090133065	1002
bv	uv	1	811042	812345	0.0196671963944874	1000
bv	uv	1	812345	813676	0.0167593345990416	1000
bv	uv	1	813676	815113	0.0140951482952244	998
bv	uv	1	815113	816481	0.0202784833471652	1000
bv	uv	1	816481	817802	0.0216568732193732	1002
bv	uv	1	817802	819186	0.0186133666458463	999
bv	uv	1	819186	820480	0.0168085246766956	998
bv	uv	1	820480	821780	0.0143771515103492	1001
bv	uv	1	821780	823167	0.0241598878834963	1000
bv	uv	1	823167	824504	0.0224378121341011	1001
bv	uv	1	824504	825886	0.0195525956284152	998
bv	uv	1	825886	827243	0.0199489106592931	997
bv	uv	1	827243	828662	0.0233801789133636	997
bv	uv	1	828662	829964	0.0212953768067968	998
bv	uv	1	829964	831372	0.0259929334162061	1000
bv	uv	1	831372	832690	0.0234870810017328	999
bv	uv	1	832690	834037	0.0159096419285529	997
bv	uv	1	834037	835425	0.0190295566639652	992
bv	uv	1	835425	836790	0.0270944625759765	998
bv	uv	1	836790	838178	0.0243464620856876	1000
bv	uv	1	838178	839504	0.018582797751259	1001
bv	uv	1	839504	840857	0.0212364094244133	999
bv	uv	1	840857	842159	0.0219960704856634	1002
bv	uv	1	842159	843510	0.0210323779193205	1001
bv	uv	1	843510	844832	0.0243138031142781	998
bv	uv	1	844832	846191	0.021489156507332	1000
bv	uv	1	846191	847580	0.0231867732131751	998
bv	uv	1	847580	848956	0.018648765650739	1002
bv	uv	1	848956	850301	0.0299381865646925	998
bv	uv	1	850301	851687	0.0229592395470574	1000
bv	uv	1	851687	853044	0.019972240485061	997
bv	uv	1	853044	854434	0.0239424267014204	996
bv	uv	1	854434	855800	0.0186393645497713	997
bv	uv	1	855800	857188	0.0165549972082635	1000
bv	uv	1	857188	858525	0.0247562097009542	999
bv	uv	1	858525	859948	0.0214372300486059	998
bv	uv	1	859948	861386	0.0170340290659135	996
bv	uv	1	861386	862749	0.0234146667334702	998
bv	uv	1	862749	864109	0.025095344518941	994
bv	uv	1	864109	865590	0.0224769012082444	999
bv	uv	1	865590	867043	0.0277742825745946	995
bv	uv	1	867043	868461	0.0243696128437418	997
bv	uv	1	868461	869844	0.0240329728254967	999
bv	uv	1	869844	871196	0.0153907450929717	999
bv	uv	1	871196	872491	0.0238887191845139	994
bv	uv	1	872491	873896	0.0168260141522173	997
bv	uv	1	873896	875365	0.0236385345167304	997
bv	uv	1	875365	876639	0.0245328235603762	1001
bv	uv	1	876639	878008	0.0228467902719828	997
bv	uv	1	878008	879420	0.0226083912728052	996
bv	uv	1	879420	880734	0.0171345000083096	997
bv	uv	1	880734	882139	0.0167985009037692	998
bv	uv	1	882139	883579	0.0098877240187472	996
bv	uv	1	883579	884953	0.0243257820927723	1002
bv	uv	1	884953	886322	0.021793027206737	1002
bv	uv	1	886322	887671	0.0138639934497333	1001
bv	uv	1	887671	889024	0.0199568361407038	996
bv	uv	1	889024	890364	0.0156300823446835	998
bv	uv	1	890364	891793	0.0170205580882943	1000
bv	uv	1	891793	893116	0.0192610390838353	1002
bv	uv	1	893116	894447	0.0231878404468528	1001
bv	uv	1	894447	895807	0.0259264015524449	1001
bv	uv	1	895807	897302	0.0144871428010346	1001
bv	uv	1	897302	898696	0.0272915939165268	1001
bv	uv	1	898696	900111	0.016081295834609	1003
bv	uv	1	900111	901451	0.0235842726784755	1002
bv	uv	1	901451	902769	0.0234830262603218	1002
bv	uv	1	902769	904215	0.0190484753862963	998
bv	uv	1	904215	905629	0.0202361727896649	997
bv	uv	1	905629	906993	0.0106449243179678	995
bv	uv	1	906993	908429	0.0117575307746967	998
bv	uv	1	908429	909848	0.0221621366002108	1000
bv	uv	1	909848	911231	0.0260301759319869	998
bv	uv	1	911231	912709	0.0242042103122139	999
bv	uv	1	912709	914087	0.0245831184459343	993
bv	uv	1	914087	915561	0.0270185937404231	995
bv	uv	1	915561	916921	0.0173292064338685	993
bv	uv	1	916921	918378	0.0300472264731533	999
bv	uv	1	918378	919854	0.0304597562252781	999
bv	uv	1	919854	921246	0.0208918254008282	1002
bv	uv	1	921246	922744	0.0258134620156232	993
bv	uv	1	922744	924174	0.0261133749668459	996
bv	uv	1	924174	925627	0.0278436831060917	998
bv	uv	1	925627	927045	0.0273256881499657	999
bv	uv	1	927045	928465	0.0247147820515979	999
bv	uv	1	928465	929858	0.0343000653662228	1000
bv	uv	1	929858	931231	0.0290881832425912	996
bv	uv	1	931231	932674	0.0316857214577485	996
bv	uv	1	932674	934124	0.024972607475376	1000
bv	uv	1	934124	935556	0.0193876660784793	1000
bv	uv	1	935556	936969	0.0122377864893283	994
bv	uv	1	936969	938312	0.0288036696009983	995
bv	uv	1	938312	939763	0.0221522217847194	993
bv	uv	1	939763	941162	0.0178707141771437	997
bv	uv	1	941162	942598	0.0163224076465738	995
bv	uv	1	942598	944009	0.022576025608626	1001
bv	uv	1	944009	945430	0.0311993346387888	998
bv	uv	1	945430	946880	0.029260629166193	999
bv	uv	1	946880	948436	0.0237001693255649	997
bv	uv	1	948436	949889	0.0278666907415614	997
bv	uv	1	949889	951297	0.0217787086088182	995
bv	uv	1	951297	952692	0.0293754159140602	997
bv	uv	1	952692	954101	0.0308165050023668	1002
bv	uv	1	954101	955535	0.0283087604403147	997
bv	uv	1	955535	957044	0.0230496597921117	996
bv	uv	1	957044	958528	0.0257235959363618	1001
bv	uv	1	958528	959864	0.0178269399905283	1001
bv	uv	1	959864	961373	0.0162882385104607	999
bv	uv	1	961373	962793	0.0169182732582321	996
bv	uv	1	962793	964325	0.0242226656702772	998
bv	uv	1	964325	965829	0.0259610584123814	996
bv	uv	1	965829	967306	0.027693141038662	1001
bv	uv	1	967306	968825	0.0264838929206626	1001
bv	uv	1	968825	970396	0.0150095554013933	998
bv	uv	1	970396	971915	0.0222396715170253	999
bv	uv	1	971915	973398	0.020574452773953	996
bv	uv	1	973398	974941	0.0262079492414987	1000
bv	uv	1	974941	976491	0.0186347292290444	995
bv	uv	1	976491	978090	0.0214668555083451	999
bv	uv	1	978090	979590	0.0262098781233556	997
bv	uv	1	979590	981121	0.0261799226389096	994
bv	uv	1	981121	982682	0.0264786300187077	997
bv	uv	1	982682	984197	0.0291813857674832	996
bv	uv	1	984197	985744	0.0297262827430589	1002
bv	uv	1	985744	987320	0.028545156412362	998
bv	uv	1	987320	988859	0.0262755781769142	996
bv	uv	1	988859	990158	0.0249240191234055	997
bv	uv	1	990158	990737	0.0226826018705396	996
bv	uv	1	990737	991354	0.0171905762344577	1000
bv	uv	1	991354	991932	0.0243330047807749	1000
bv	uv	1	991932	992520	0.0229578216764548	999
bv	uv	1	992520	993107	0.0133615538565648	1002
bv	uv	1	993107	993681	0.0216444192649577	1000
bv	uv	1	993681	994275	0.0222938773503057	1005
bv	uv	1	994275	994852	0.0228305600286276	1005
bv	uv	1	994852	995432	0.0238992969639841	1001
bv	uv	1	995432	996016	0.0301410481359067	999
bv	uv	1	996016	996645	0.0236089570091942	1002
bv	uv	1	996645	997215	0.0214119843749473	992
bv	uv	1	997215	997806	0.0210569157937578	999
bv	uv	1	997806	998371	0.0217679111445573	998
bv	uv	1	998371	998986	0.0108496272879834	990
bv	uv	1	998986	999583	0.0167437941274403	1000
bv	uv	1	999583	1000359	0.0194871040772499	998
bv	uv	1	1000359	1001723	0.0128177360146171	999
bv	uv	1	1001723	1002979	0.0163101454157543	995
bv	uv	1	1002979	1004298	0.0185795909504227	1000
bv	uv	1	1004298	1005546	0.0150629187454952	999
bv	uv	1	1005546	1006765	0.0225346408632011	1003
bv	uv	1	1006765	1007941	0.0215411137287252	999
bv	uv	1	1007941	1009256	0.0276091076027714	998
bv	uv	1	1009256	1010520	0.0227638475818953	999
bv	uv	1	1010520	1011719	0.0134847808196477	1000
bv	uv	1	1011719	1012989	0.0171460087271075	997
bv	uv	1	1012989	1014287	0.025478316147143	999
bv	uv	1	1014287	1015574	0.0292385659478163	993
bv	uv	1	1015574	1016767	0.0232655452339107	997
bv	uv	1	1016767	1018042	0.0180435917515009	999
bv	uv	1	1018042	1019289	0.0198798343029818	1001
bv	uv	1	1019289	1020510	0.0167693020791948	995
bv	uv	1	1020510	1021798	0.0163603024919138	995
bv	uv	1	1021798	1023022	0.0258598014072466	1000
bv	uv	1	1023022	1024283	0.0185370741482965	996
bv	uv	1	1024283	1025574	0.0197742673577634	997
bv	uv	1	1025574	1026848	0.0207858205621962	998
bv	uv	1	1026848	1028144	0.025001753278631	997
bv	uv	1	1028144	1029418	0.0152716059007475	999
bv	uv	1	1029418	1030649	0.0157249360693924	1003
bv	uv	1	1030649	1031936	0.0166263168949468	1001
bv	uv	1	1031936	1033125	0.0271775419454744	1002
bv	uv	1	1033125	1034362	0.0277500443734469	1000
bv	uv	1	1034362	1035660	0.0233701930101701	997
bv	uv	1	1035660	1036885	0.0223697565414509	999
bv	uv	1	1036885	1038092	0.0234077750206782	997
bv	uv	1	1038092	1039460	0.014519056261343	1002
bv	uv	1	1039460	1040728	0.0167675643468631	998
bv	uv	1	1040728	1041969	0.0213343081316189	999
bv	uv	1	1041969	1043157	0.0152992973380196	1001
bv	uv	1	1043157	1044412	0.0217836399099128	1000
bv	uv	1	1044412	1045648	0.0219359595762445	997
bv	uv	1	1045648	1046981	0.0267295213437222	996
bv	uv	1	1046981	1048238	0.0197650925503835	997
bv	uv	1	1048238	1049515	0.0185161391637043	1000
bv	uv	1	1049515	1050757	0.0203042680400165	1002
bv	uv	1	1050757	1052027	0.0216941780943851	1000
bv	uv	1	1052027	1053277	0.0194349036735501	1000
bv	uv	1	1053277	1054542	0.0252943619445286	1003
bv	uv	1	1054542	1055860	0.0251287457039013	1002
bv	uv	1	1055860	1057176	0.0235951740686921	998
bv	uv	1	1057176	1058450	0.0258888860323418	996
bv	uv	1	1058450	1059727	0.0263054574008637	1000
bv	uv	1	1059727	1061009	0.0086522699736298	998
bv	uv	1	1061009	1062341	0.0305505981889087	1002
bv	uv	1	1062341	1063578	0.0237789794471238	998
bv	uv	1	1063578	1064748	0.0159102700970045	1001
bv	uv	1	1064748	1066020	0.0203953807007242	995
bv	uv	1	1066020	1067327	0.0182523044158264	995
bv	uv	1	1067327	1068600	0.0263672609644173	1000
bv	uv	1	1068600	1069865	0.0133631552929926	996
bv	uv	1	1069865	1071098	0.0167851714777119	1000
bv	uv	1	1071098	1072388	0.0038004323718609	997
bv	uv	1	1072388	1073644	0.0071328659177591	999
bv	uv	1	1073644	1074902	0.0184698770064623	999
bv	uv	1	1074902	1076165	0.0192105909405487	1003
bv	uv	1	1076165	1077494	0.0138953060560945	1000
bv	uv	1	1077494	1078776	0.0178285588121653	997
bv	uv	1	1078776	1080029	0.0181499980913284	1003
bv	uv	1	1080029	1081271	0.016695745918266	1000
bv	uv	1	1081271	1082586	0.0233175454119606	993
bv	uv	1	1082586	1083806	0.0291774003690566	999
bv	uv	1	1083806	1085116	0.0214101525932817	997
bv	uv	1	1085116	1086331	0.0171898990929127	1002
bv	uv	1	1086331	1087608	0.0247356521787612	1001
bv	uv	1	1087608	1088835	0.0253124176479562	1001
bv	uv	1	1088835	1090067	0.0303300745067813	1002
bv	uv	1	1090067	1091365	0.0297908593728529	1000
bv	uv	1	1091365	1092654	0.0248467088576423	1002
bv	uv	1	1092654	1093913	0.0221235728482105	1000
bv	uv	1	1093913	1095260	0.0217920886559479	994
bv	uv	1	1095260	1096492	0.0205912870650474	996
bv	uv	1	1096492	1097786	0.0193866861825017	997
bv	uv	1	1097786	1099087	0.0172191432256265	999
bv	uv	1	1099087	1100297	0.020490343711705	994
bv	uv	1	1100297	1101475	0.0153322841041783	998
bv	uv	1	1101475	1102693	0.0068115054908504	1000
bv	uv	1	1102693	1103957	0.0086475440476487	995
bv	uv	1	1103957	1105258	0.0205217895826185	996
bv	uv	1	1105258	1106619	0.0222515198124954	994
bv	uv	1	1106619	1107906	0.0245240426681587	999
bv	uv	1	1107906	1109222	0.0273077221174464	1001
bv	uv	1	1109222	1110511	0.0252046474076212	1005
bv	uv	1	1110511	1111764	0.0181937740694926	1001
bv	uv	1	1111764	1113032	0.0210333309975941	999
bv	uv	1	1113032	1114337	0.0250422953223971	998
bv	uv	1	1114337	1115563	0.0205406392068951	999
bv	uv	1	1115563	1116793	0.0197765127556398	992
bv	uv	1	1116793	1118088	0.0133413231463217	997
bv	uv	1	1118088	1119414	0.010679234335572	995
bv	uv	1	1119414	1120658	0.0147510084165793	998
bv	uv	1	1120658	1121910	0.021223658284073	996
bv	uv	1	1121910	1123133	0.0180834700436126	999
bv	uv	1	1123133	1124406	0.0180845894806613	998
bv	uv	1	1124406	1125724	0.0167888789718999	996
bv	uv	1	1125724	1127006	0.0179390371365798	994
bv	uv	1	1127006	1128254	0.0205644873168988	994
bv	uv	1	1128254	1129508	0.0145212105076322	999
bv	uv	1	1129508	1130765	0.013689293438978	997
bv	uv	1	1130765	1132108	0.0280938973468435	1000
bv	uv	1	1132108	1133416	0.0206298646028027	997
bv	uv	1	1133416	1134705	0.0180478146287548	1002
bv	uv	1	1134705	1135958	0.0217484765526404	1000
bv	uv	1	1135958	1137231	0.0171311438175706	1003
bv	uv	1	1137231	1138561	0.0220090568242683	1004
bv	uv	1	1138561	1139884	0.0163520742909054	995
bv	uv	1	1139884	1141182	0.0127485052158125	999
bv	uv	1	1141182	1142406	0.0203420171898106	1001
bv	uv	1	1142406	1143628	0.0184665310222268	1002
bv	uv	1	1143628	1144958	0.013605150091741	999
bv	uv	1	1144958	1146250	0.0096259061687867	996
bv	uv	1	1146250	1147532	0.0156114977031882	999
bv	uv	1	1147532	1148769	0.0223148171389844	1002
bv	uv	1	1148769	1150052	0.0225189988091301	1001
bv	uv	1	1150052	1151323	0.0205811631413783	1000
bv	uv	1	1151323	1152568	0.0177217315553876	1000
bv	uv	1	1152568	1153926	0.0202311488864155	1000
bv	uv	1	1153926	1155278	0.0115711335217207	994
bv	uv	1	1155278	1156553	0.0171933827392719	992
bv	uv	1	1156553	1157792	0.0210074427820255	998
bv	uv	1	1157792	1159014	0.018992796810137	997
bv	uv	1	1159014	1160241	0.0171560387780592	1002
bv	uv	1	1160241	1161542	0.0221717183673576	1001
bv	uv	1	1161542	1162802	0.0274688074281845	1000
bv	uv	1	1162802	1164200	0.0187829809218052	994
bv	uv	1	1164200	1165477	0.016826518593303	999
bv	uv	1	1165477	1166844	0.0233029726300525	996
bv	uv	1	1166844	1168120	0.0163577497843943	999
bv	uv	1	1168120	1169383	0.0163902994845163	1001
bv	uv	1	1169383	1170669	0.0199533980364214	999
bv	uv	1	1170669	1171917	0.0206237768745466	997
bv	uv	1	1171917	1173273	0.0172314904865215	995
bv	uv	1	1173273	1174622	0.0116811695849202	997
bv	uv	1	1174622	1175897	0.0219776175390617	1000
bv	uv	1	1175897	1177147	0.0180135135504353	1002
bv	uv	1	1177147	1178509	0.0274862650027388	996
bv	uv	1	1178509	1179711	0.022142399406388	1000
bv	uv	1	1179711	1180962	0.0198566865233531	998
bv	uv	1	1180962	1182226	0.0217438894909094	995
bv	uv	1	1182226	1183492	0.0195318805488297	997
bv	uv	1	1183492	1184770	0.0199288787779558	995
bv	uv	1	1184770	1186048	0.0170919530977488	1001
bv	uv	1	1186048	1187358	0.0183775629157237	1000
bv	uv	1	1187358	1188646	0.0173685462764691	999
bv	uv	1	1188646	1189879	0.0122166717640262	1002
bv	uv	1	1189879	1191195	0.0127203443265619	1001
bv	uv	1	1191195	1192557	0.0164558272543867	1000
bv	uv	1	1192557	1193888	0.0232815232815232	1000
bv	uv	1	1193888	1195221	0.0190370537191346	1002
bv	uv	1	1195221	1196531	0.0064523045758604	1002
bv	uv	1	1196531	1197809	0.0101521482910103	998
bv	uv	1	1197809	1199121	0.01717892740043	1000
bv	uv	1	1199121	1200416	0.018001430204339	1000
bv	uv	1	1200416	1201757	0.0070842461775546	995
bv	uv	1	1201757	1203021	0.0192469322575222	999
bv	uv	1	1203021	1204338	0.0153434565004222	1004
bv	uv	1	1204338	1205633	0.0174572044260429	997
bv	uv	1	1205633	1206942	0.0364997561027337	998
bv	uv	1	1206942	1208198	0.0214028124533213	996
bv	uv	1	1208198	1209523	0.0130490284147321	998
bv	uv	1	1209523	1210821	0.0126301215992058	1001
bv	uv	1	1210821	1212145	0.0080914822472368	1001
bv	uv	1	1212145	1213436	0.0248793001086579	1001
bv	uv	1	1213436	1214739	0.0108210023608477	1000
bv	uv	1	1214739	1216077	0.0189805406611224	1001
bv	uv	1	1216077	1217401	0.0162229268374519	994
bv	uv	1	1217401	1218735	0.0109190314213379	1000
bv	uv	1	1218735	1219986	0.0232724783692153	1002
bv	uv	1	1219986	1221254	0.0345038699603455	1002
bv	uv	1	1221254	1222565	0.0263429342220106	998
bv	uv	1	1222565	1223871	0.0245398943332528	995
bv	uv	1	1223871	1225202	0.0202595364591535	993
bv	uv	1	1225202	1226458	0.0169305334746511	998
bv	uv	1	1226458	1227722	0.0132464328809051	993
bv	uv	1	1227722	1229064	0.0153025660976835	997
bv	uv	1	1229064	1230307	0.015577306778024	1002
bv	uv	1	1230307	1231605	0.0208113056708873	997
bv	uv	1	1231605	1232899	0.0173934318664575	997
bv	uv	1	1232899	1234147	0.0271415369304044	992
bv	uv	1	1234147	1235453	0.0174005605836917	993
bv	uv	1	1235453	1236711	0.0215023450114046	996
bv	uv	1	1236711	1238052	0.0239006087544143	998
bv	uv	1	1238052	1239380	0.0158205964124927	1000
bv	uv	1	1239380	1240675	0.0211549643251115	1000
bv	uv	1	1240675	1241962	0.0134882050185226	1001
bv	uv	1	1241962	1243203	0.0190924941281574	999
bv	uv	1	1243203	1244542	0.0116764931330002	996
bv	uv	1	1244542	1245769	0.023864698947026	999
bv	uv	1	1245769	1247034	0.0125023950948457	990
bv	uv	1	1247034	1248328	0.0226383193627895	996
bv	uv	1	1248328	1249611	0.0201773937019067	999
bv	uv	1	1249611	1250901	0.0142373026997706	999
bv	uv	1	1250901	1252218	0.0195420110192837	1001
bv	uv	1	1252218	1253553	0.0165977171908488	999
bv	uv	1	1253553	1254944	0.0179657554683375	1001
bv	uv	1	1254944	1256236	0.0196924341139872	1001
bv	uv	1	1256236	1257550	0.011418687045658	998
bv	uv	1	1257550	1258923	0.0208427433902339	998
bv	uv	1	1258923	1260265	0.0149502921757607	998
bv	uv	1	1260265	1261563	0.0160439252874982	999
bv	uv	1	1261563	1262873	0.0150839617114972	1002
bv	uv	1	1262873	1264232	0.0140811226451364	999
bv	uv	1	1264232	1265490	0.0190932278973589	1002
bv	uv	1	1265490	1266713	0.0178400472848663	996
bv	uv	1	1266713	1268022	0.024879476584022	999
bv	uv	1	1268022	1269362	0.0207696554707466	1001
bv	uv	1	1269362	1270694	0.0157320833643345	999
bv	uv	1	1270694	1271974	0.0162294685399458	1001
bv	uv	1	1271974	1273296	0.0094327820451872	1000
bv	uv	1	1273296	1274615	0.0142496392496392	996
bv	uv	1	1274615	1275978	0.0221615917222207	1001
bv	uv	1	1275978	1277344	0.028618337743544	998
bv	uv	1	1277344	1278706	0.0212506982134073	1002
bv	uv	1	1278706	1280001	0.0248218071343916	999
bv	uv	1	1280001	1281298	0.0216475468274029	1002
bv	uv	1	1281298	1282577	0.0147653097266373	1003
bv	uv	1	1282577	1283845	0.0176843822153656	995
bv	uv	1	1283845	1285068	0.0109359396231357	996
bv	uv	1	1285068	1286454	0.0159473552975358	999
bv	uv	1	1286454	1287728	0.0269813047966454	1002
bv	uv	1	1287728	1289017	0.0201701093560145	1002
bv	uv	1	1289017	1290407	0.0174810266905431	1000
bv	uv	1	1290407	1291866	0.0115892737515018	999
bv	uv	1	1291866	1293215	0.0161421083471797	999
bv	uv	1	1293215	1294626	0.0186733652202837	1002
bv	uv	1	1294626	1295916	0.0186381030476971	996
bv	uv	1	1295916	1297255	0.0161500912878356	1000
bv	uv	1	1297255	1298528	0.0172374475163319	998
bv	uv	1	1298528	1299835	0.0213420332704626	999
bv	uv	1	1299835	1301197	0.0303522073180008	1002
bv	uv	1	1301197	1302518	0.0212836009129515	997
bv	uv	1	1302518	1303957	0.0201993627407992	998
bv	uv	1	1303957	1305350	0.0241130712055977	998
bv	uv	1	1305350	1306737	0.0346686579153549	996
bv	uv	1	1306737	1308209	0.0229168558745256	998
bv	uv	1	1308209	1309472	0.0263907102906396	1001
bv	uv	1	1309472	1310774	0.0135466937600541	994
bv	uv	1	1310774	1312100	0.0192575762564896	999
bv	uv	1	1312100	1313458	0.0292654643107815	997
bv	uv	1	1313458	1314772	0.0217658118413137	997
bv	uv	1	1314772	1316154	0.0133997678018575	1000
bv	uv	1	1316154	1317496	0.0134785880197598	1001
bv	uv	1	1317496	1318883	0.0201660335829171	996
bv	uv	1	1318883	1320216	0.0090925397022503	997
bv	uv	1	1320216	1321520	0.0193583283514105	997
bv	uv	1	1321520	1322837	0.0178038061102577	995
bv	uv	1	1322837	1324184	0.0162138951396362	1002
bv	uv	1	1324184	1325510	0.0221716884593519	1002
bv	uv	1	1325510	1326881	0.0133169190641618	998
bv	uv	1	1326881	1328233	0.0140473832136128	1000
bv	uv	1	1328233	1329598	0.0188488402290838	1000
bv	uv	1	1329598	1331018	0.0242056634249375	999
bv	uv	1	1331018	1332348	0.0174690489389222	997
bv	uv	1	1332348	1333794	0.0156658537121262	1001
bv	uv	1	1333794	1335178	0.0199335548172757	1001
bv	uv	1	1335178	1336533	0.0219128909203183	999
bv	uv	1	1336533	1337959	0.013309813525602	1002
bv	uv	1	1337959	1339307	0.020899105498553	996
bv	uv	1	1339307	1340596	0.0229842461974289	1001
bv	uv	1	1340596	1341953	0.0220698219174216	1000
bv	uv	1	1341953	1343394	0.0098312001483954	999
bv	uv	1	1343394	1344729	0.0183342063907805	996
bv	uv	1	1344729	1346113	0.0214275436907173	997
bv	uv	1	1346113	1347426	0.0170645579616555	995
bv	uv	1	1347426	1348692	0.019328508668387	1000
bv	uv	1	1348692	1350001	0.0161573180721169	1000
bv	uv	1	1350001	1351351	0.0220442339929532	1001
bv	uv	1	1351351	1352668	0.0246718735246111	996
bv	uv	1	1352668	1353996	0.0181964657874919	995
bv	uv	1	1353996	1355393	0.0262834561997741	998
bv	uv	1	1355393	1356845	0.0140252827677977	999
bv	uv	1	1356845	1358292	0.0225175527987625	1000
bv	uv	1	1358292	1359604	0.0170647695171788	994
bv	uv	1	1359604	1360934	0.0144307137280241	996
bv	uv	1	1360934	1362263	0.0121059688734867	995
bv	uv	1	1362263	1363646	0.0178380548646633	998
bv	uv	1	1363646	1364942	0.0253430639238082	1001
bv	uv	1	1364942	1366328	0.016518642467928	997
bv	uv	1	1366328	1367675	0.0194773215571033	998
bv	uv	1	1367675	1369006	0.020616640915776	996
bv	uv	1	1369006	1370446	0.0267890492826225	1002
bv	uv	1	1370446	1371800	0.0208925121728857	998
bv	uv	1	1371800	1373151	0.024517081435629	1000
bv	uv	1	1373151	1374532	0.0207381389878097	1002
bv	uv	1	1374532	1375888	0.0198955882228913	1000
bv	uv	1	1375888	1377266	0.0169231288384963	998
bv	uv	1	1377266	1378665	0.0256627536990421	999
bv	uv	1	1378665	1380066	0.0172750215352944	998
bv	uv	1	1380066	1381473	0.0196322273624168	1002
bv	uv	1	1381473	1382804	0.0188686368576182	999
bv	uv	1	1382804	1384127	0.0170431061729595	1001
bv	uv	1	1384127	1385535	0.0200400252213723	998
bv	uv	1	1385535	1386884	0.0277467087548364	998
bv	uv	1	1386884	1388311	0.0242973929764306	999
bv	uv	1	1388311	1389715	0.0304178756834646	998
bv	uv	1	1389715	1391116	0.0211463596227337	996
bv	uv	1	1391116	1392468	0.0184760416404103	1003
bv	uv	1	1392468	1393885	0.0197510427317136	1000
bv	uv	1	1393885	1395187	0.0156279064602194	1000
bv	uv	1	1395187	1396559	0.0144704982429502	996
bv	uv	1	1396559	1397909	0.0216539406187663	995
bv	uv	1	1397909	1399277	0.0075024099920365	1000
bv	uv	1	1399277	1400649	0.0137297578470425	998
bv	uv	1	1400649	1401992	0.0208746975664268	998
bv	uv	1	1401992	1403348	0.0100482109774755	998
bv	uv	1	1403348	1404660	0.0177761331085618	1000
bv	uv	1	1404660	1406005	0.0159399111369465	997
bv	uv	1	1406005	1407373	0.0282291312994131	994
bv	uv	1	1407373	1408718	0.0123394413006377	997
bv	uv	1	1408718	1410053	0.013068417006682	996
bv	uv	1	1410053	1411435	0.0078516557490185	997
bv	uv	1	1411435	1412790	0.0164178506187473	999
bv	uv	1	1412790	1414144	0.0171041472421077	1000
bv	uv	1	1414144	1415475	0.0198761971884851	998
bv	uv	1	1415475	1416864	0.0140449516309773	998
bv	uv	1	1416864	1418291	0.0168235287653771	996
bv	uv	1	1418291	1419668	0.0184917686981244	994
bv	uv	1	1419668	1421014	0.0173377839748735	1001
bv	uv	1	1421014	1422394	0.0182313013507773	1002
bv	uv	1	1422394	1423838	0.0328836176532823	1002
bv	uv	1	1423838	1425262	0.0130546981733542	1003
bv	uv	1	1425262	1426578	0.0092083303951296	998
bv	uv	1	1426578	1427987	0.0274927728376921	996
bv	uv	1	1427987	1429319	0.0229011881904443	1001
bv	uv	1	1429319	1430718	0.0147593479883466	1001
bv	uv	1	1430718	1432074	0.0275286614850477	999
bv	uv	1	1432074	1433488	0.0182803547009622	997
bv	uv	1	1433488	1434946	0.0286823235313466	995
bv	uv	1	1434946	1436429	0.0155031653569117	1002
bv	uv	1	1436429	1437904	0.0193197233985762	999
bv	uv	1	1437904	1439358	0.0260701275045537	1002
bv	uv	1	1439358	1440707	0.0185350234369842	1003
bv	uv	1	1440707	1442184	0.0150185775602843	998
bv	uv	1	1442184	1443616	0.0139114235923321	999
bv	uv	1	1443616	1445138	0.0116834838024429	988
bv	uv	1	1445138	1446566	0.0134048111757453	997
bv	uv	1	1446566	1448096	0.0203057149309754	995
bv	uv	1	1448096	1449546	0.0187048723634089	996
bv	uv	1	1449546	1451044	0.0220205076483442	994
bv	uv	1	1451044	1452537	0.0198759639571884	997
bv	uv	1	1452537	1454036	0.0235186788267767	998
bv	uv	1	1454036	1455450	0.0145163893348282	991
bv	uv	1	1455450	1456912	0.03926248701113	993
bv	uv	1	1456912	1458411	0.021042649872012	998
bv	uv	1	1458411	1459867	0.0404251084446407	990
bv	uv	1	1459867	1461310	0.0395943302405385	1003
bv	uv	1	1461310	1462813	0.0181824343788656	1000
bv	uv	1	1462813	1464256	0.032584254713341	1000
bv	uv	1	1464256	1465750	0.0242096939719712	999
bv	uv	1	1465750	1467266	0.0270054856146375	997
bv	uv	1	1467266	1468693	0.0188676201308391	1003
bv	uv	1	1468693	1470171	0.0219769967880799	995
bv	uv	1	1470171	1471724	0.01690492398457	997
bv	uv	1	1471724	1473187	0.0275270577097423	1000
bv	uv	1	1473187	1474681	0.021620833193084	998
bv	uv	1	1474681	1476099	0.0152840975382102	994
bv	uv	1	1476099	1477569	0.0128107317693432	1002
bv	uv	1	1477569	1479060	0.0202850923154738	1001
bv	uv	1	1479060	1480579	0.0272578942316921	993
bv	uv	1	1480579	1482065	0.0193805362344688	992
bv	uv	1	1482065	1483567	0.0192228845365376	997
bv	uv	1	1483567	1485102	0.0193942282595127	997
bv	uv	1	1485102	1486553	0.0206147205477413	998
bv	uv	1	1486553	1488091	0.0181832288670534	995
bv	uv	1	1488091	1489638	0.0157102444938371	1000
bv	uv	1	1489638	1490460	0.0140652737948928	1001
bv	uv	1	1490460	1491119	0.0111232622981507	1001
bv	uv	1	1491119	1491750	0.0142695962382526	998
bv	uv	1	1491750	1492395	0.0166436727624974	1000
bv	uv	1	1492395	1492993	0.0165864807869581	1003
bv	uv	1	1492993	1493630	0.0162433745968854	999
bv	uv	1	1493630	1494296	0.0169380641336236	999
bv	uv	1	1494296	1494955	0.0201685342432114	1001
bv	uv	1	1494955	1495589	0.021021021021021	1000
bv	uv	1	1495589	1496228	0.0240311447106994	1000
bv	uv	1	1496228	1496877	0.0192330474150489	1003
bv	uv	1	1496877	1497469	0.01540107554129	1000
bv	uv	1	1497469	1498067	0.0156565512475472	1005
bv	uv	1	1498067	1498696	0.0123313244062037	1002
bv	uv	1	1498696	1499288	0.0117632503426742	1004
bv	uv	1	1499288	1499952	0.0117983201556688	1004
bv	uv	1	1499952	1499999	0.0037037037037037	87
