pop	chromosome	window_pos_1	window_pos_2	avg_pi	no_sites	count_diffs	count_comparisons	count_missing
bv	1	1	2821	0.1535957526035723	3398	639350	4162550	0
uv	1	1	2821	0.1538275816506708	3398	640315	4162550	0
bv	1	2821	5646	0.1532875898847006	3471	651775	4251975	0
uv	1	2821	5646	0.1552405646787669	3471	660079	4251975	0
bv	1	5646	8571	0.1549820500651065	3354	636767	4108650	0
uv	1	5646	8571	0.1594786608740097	3354	655242	4108650	0
bv	1	8571	11408	0.1605270676379759	3443	677051	4217675	0
uv	1	8571	11408	0.1608865073766945	3443	678567	4217675	0
bv	1	11408	14269	0.1590343741183109	3472	676405	4253200	0
uv	1	11408	14269	0.1599379290886861	3472	680248	4253200	0
bv	1	14269	17118	0.1524301888587602	3432	640847	4204200	0
uv	1	14269	17118	0.1541998477712763	3432	648287	4204200	0
bv	1	17118	20041	0.1530414860244616	3474	651291	4255650	0
uv	1	17118	20041	0.151869162172641	3474	646302	4255650	0
uv	1	20041	22929	0.1564481923687067	3422	655823	4191950	0
bv	1	20041	22929	0.1548577630935483	3422	649156	4191950	0
bv	1	22929	25800	0.1554391875515051	3368	641311	4125800	0
uv	1	22929	25800	0.1548637839934073	3368	638937	4125800	0
bv	1	25800	28633	0.1511545361507434	3390	627707	4152750	0
uv	1	25800	28633	0.1505811811450244	3390	625326	4152750	0
bv	1	28633	31472	0.1572571717366191	3392	653435	4155200	0
uv	1	28633	31472	0.1553600308047747	3392	645552	4155200	0
bv	1	31472	34368	0.1560353999419673	3376	645300	4135600	0
uv	1	31472	34368	0.1559118386691169	3376	644789	4135600	0
bv	1	34368	37200	0.1492943710147375	3383	618702	4144175	0
uv	1	34368	37200	0.153201541923302	3383	634894	4144175	0
bv	1	37200	40118	0.1592209953288246	3434	669787	4206650	0
uv	1	37200	40118	0.1606301926711278	3434	675715	4206650	0
bv	1	40118	43035	0.1547568922305764	3420	648354	4189500	0
uv	1	40118	43035	0.1562360663563671	3420	654551	4189500	0
uv	1	43035	45958	0.1498610734056491	3458	634819	4236050	0
bv	1	43035	45958	0.1495577247671769	3458	633534	4236050	0
bv	1	45958	48865	0.1560406871980889	3477	664628	4259325	0
uv	1	45958	48865	0.1591425871470244	3477	677840	4259325	0
bv	1	48865	51724	0.1557573683030181	3458	659796	4236050	0
uv	1	48865	51724	0.1580427520921613	3458	669477	4236050	0
bv	1	51724	54527	0.1512329288150904	3434	636184	4206650	0
uv	1	51724	54527	0.1521975919080503	3434	640242	4206650	0
bv	1	54527	57393	0.1588660810858997	3434	668294	4206650	0
uv	1	54527	57393	0.1577309735775498	3434	663519	4206650	0
bv	1	57393	60231	0.1557862576983456	3380	645033	4140500	0
uv	1	57393	60231	0.1532703779736746	3380	634616	4140500	0
bv	1	60231	63072	0.1553555418615048	3378	642869	4138050	0
uv	1	60231	63072	0.1551639057043776	3378	642076	4138050	0
bv	1	63072	65947	0.1502668759811617	3406	626966	4172350	0
uv	1	63072	65947	0.1509231008903855	3406	629704	4172350	0
uv	1	65947	68887	0.1513648569475637	3344	620051	4096400	0
bv	1	65947	68887	0.1525639585977931	3344	624963	4096400	0
bv	1	68887	71818	0.1559133767043935	3435	656064	4207875	0
uv	1	68887	71818	0.1559822951014467	3435	656354	4207875	0
bv	1	71818	74693	0.1535731414868105	3336	627592	4086600	0
uv	1	71818	74693	0.1558045808251358	3336	636711	4086600	0
bv	1	74693	77591	0.1525170873082961	3380	631497	4140500	0
uv	1	74693	77591	0.1537435092380147	3380	636575	4140500	0
bv	1	77591	80450	0.1430374829132593	3404	596452	4169900	0
uv	1	77591	80450	0.1474255977361567	3404	614750	4169900	0
bv	1	80450	83343	0.1561387444711724	3419	653952	4188275	0
uv	1	80450	83343	0.1536195689156037	3419	643401	4188275	0
bv	1	83343	86176	0.1552868287655637	3406	647911	4172350	0
uv	1	83343	86176	0.1551123467590207	3406	647183	4172350	0
bv	1	86176	89061	0.1539671360079523	3367	635049	4124575	0
uv	1	86176	89061	0.1537554778371105	3367	634176	4124575	0
bv	1	89061	91921	0.157663309352518	3475	671153	4256875	0
uv	1	89061	91921	0.1552873880487446	3475	661039	4256875	0
uv	1	91921	94746	0.1588556809205484	3462	673699	4240950	0
bv	1	91921	94746	0.1572770251948266	3462	667004	4240950	0
bv	1	94746	97612	0.1550419924703156	3453	655816	4229925	0
uv	1	94746	97612	0.1545121958427159	3453	653575	4229925	0
bv	1	97612	100536	0.160469911349972	3391	666588	4153975	0
uv	1	97612	100536	0.1589253666668672	3391	660172	4153975	0
bv	1	100536	103459	0.1564375069579942	3483	667468	4266675	0
uv	1	100536	103459	0.1552049312403686	3483	662209	4266675	0
bv	1	103459	106389	0.1560417957295667	3459	661192	4237275	0
uv	1	103459	106389	0.1571816792632057	3459	666022	4237275	0
bv	1	106389	109271	0.1544634437446084	3454	653558	4231150	0
uv	1	106389	109271	0.1569880528934214	3454	664240	4231150	0
bv	1	109271	112175	0.1423623850475315	3422	596776	4191950	0
uv	1	109271	112175	0.1426061856653824	3422	597798	4191950	0
bv	1	112175	115021	0.1490917770617018	3420	624620	4189500	0
uv	1	112175	115021	0.1494426542546843	3420	626090	4189500	0
uv	1	115021	117886	0.1549942693925556	3401	645741	4166225	0
bv	1	115021	117886	0.1549985898505241	3401	645759	4166225	0
bv	1	117886	120771	0.1568298396372417	3389	651083	4151525	0
uv	1	117886	120771	0.1558359879803204	3389	646957	4151525	0
bv	1	120771	123642	0.154551788617402	3427	648820	4198075	0
uv	1	120771	123642	0.1547099563490409	3427	649484	4198075	0
bv	1	123642	126515	0.1546633186066069	3446	652888	4221350	0
uv	1	123642	126515	0.1540083148755729	3446	650123	4221350	0
bv	1	126515	129411	0.1535130984376384	3455	649725	4232375	0
uv	1	126515	129411	0.1540818098585309	3455	652132	4232375	0
bv	1	129411	132296	0.1489167247674982	3454	630089	4231150	0
uv	1	129411	132296	0.1522456069862803	3454	644174	4231150	0
bv	1	132296	135156	0.1462404402443933	3397	608554	4161325	0
uv	1	132296	135156	0.1478392098670495	3397	615207	4161325	0
bv	1	135156	138103	0.157403833892974	3361	648067	4117225	0
uv	1	135156	138103	0.1561359896532251	3361	642847	4117225	0
uv	1	138103	140977	0.1478710657328495	3386	613347	4147850	0
bv	1	138103	140977	0.1478346613305688	3386	613196	4147850	0
bv	1	140977	143894	0.1606736536735288	3433	675701	4205425	0
uv	1	140977	143894	0.1588724088528507	3433	668126	4205425	0
bv	1	143894	146751	0.1565281505364723	3399	651748	4163775	0
uv	1	143894	146751	0.1567699983788749	3399	652755	4163775	0
bv	1	146751	149607	0.1596536294332118	3448	674345	4223800	0
uv	1	146751	149607	0.157470524172546	3448	665124	4223800	0
bv	1	149607	152387	0.1530742125960578	3394	636429	4157650	0
uv	1	149607	152387	0.1536836915084242	3394	638963	4157650	0
bv	1	152387	155243	0.1559810692964649	3398	649279	4162550	0
uv	1	152387	155243	0.1524683186988744	3398	634657	4162550	0
bv	1	155243	158118	0.1638390247975286	3422	686805	4191950	0
uv	1	155243	158118	0.1592659740693472	3422	667635	4191950	0
bv	1	158118	160967	0.1584094922803383	3409	661522	4176025	0
uv	1	158118	160967	0.1569808609862249	3409	655556	4176025	0
uv	1	160967	163848	0.1561171435645315	3462	662085	4240950	0
bv	1	160967	163848	0.1559374668411558	3462	661323	4240950	0
bv	1	163848	166700	0.1586566748615266	3445	669551	4220125	0
uv	1	163848	166700	0.1594251355113888	3445	672794	4220125	0
bv	1	166700	169515	0.1487408090465675	3364	612946	4120900	0
uv	1	166700	169515	0.1529343104661603	3364	630227	4120900	0
bv	1	169515	172446	0.1510902707471152	3447	637990	4222575	0
uv	1	169515	172446	0.1487421774628041	3447	628075	4222575	0
bv	1	172446	175400	0.16164477319312	3435	680181	4207875	0
uv	1	172446	175400	0.1585531889611739	3435	667172	4207875	0
bv	1	175400	178286	0.1541447623825649	3417	645223	4185825	0
uv	1	175400	178286	0.1510660383556407	3417	632336	4185825	0
bv	1	178286	181168	0.1518887132317715	3408	634105	4174800	0
uv	1	178286	181168	0.150781594327872	3408	629483	4174800	0
bv	1	181168	184103	0.1511229832247035	3438	636462	4211550	0
uv	1	181168	184103	0.1509629471334782	3438	635788	4211550	0
uv	1	184103	186992	0.1559527591024707	3418	652982	4187050	0
bv	1	184103	186992	0.1554648260708613	3418	650939	4187050	0
uv	1	186992	189894	0.1570448318216175	3456	664865	4233600	0
bv	1	186992	189894	0.1596608087679516	3456	675940	4233600	0
bv	1	189894	192718	0.1589205459168502	3363	654701	4119675	0
uv	1	189894	192718	0.1586071716822322	3363	653410	4119675	0
bv	1	192718	195643	0.1575493431889926	3407	657544	4173575	0
uv	1	192718	195643	0.1555903511977142	3407	649368	4173575	0
bv	1	195643	198515	0.1528178537558656	3314	620387	4059650	0
uv	1	195643	198515	0.1513632948653209	3314	614482	4059650	0
bv	1	198515	201395	0.1583220223956566	3368	653205	4125800	0
uv	1	198515	201395	0.1563723399098356	3368	645161	4125800	0
uv	1	201395	204235	0.1527394057535114	3413	638592	4180925	0
bv	1	201395	204235	0.1544780162284662	3413	645861	4180925	0
bv	1	204235	207058	0.1548063114134542	3456	655388	4233600	0
uv	1	204235	207058	0.1540910808767951	3456	652360	4233600	0
bv	1	207058	209958	0.1553326643430139	3437	654001	4210325	0
uv	1	207058	209958	0.1552675862314667	3437	653727	4210325	0
bv	1	209958	212847	0.1563244819628471	3387	648602	4149075	0
uv	1	209958	212847	0.1550615498635238	3387	643362	4149075	0
uv	1	212847	215665	0.1546213802594208	3485	660098	4269125	0
bv	1	212847	215665	0.1569401223904195	3485	669997	4269125	0
bv	1	215665	218567	0.1532229222560516	3385	635358	4146625	0
uv	1	215665	218567	0.153030717752389	3385	634561	4146625	0
bv	1	218567	221476	0.1446886507804518	3436	609009	4209100	0
uv	1	218567	221476	0.1453073103513815	3436	611613	4209100	0
bv	1	221476	224377	0.1508587664372563	3419	631838	4188275	0
uv	1	221476	224377	0.15086449672001	3419	631862	4188275	0
bv	1	224377	227304	0.1523293957678252	3362	627361	4118450	0
uv	1	224377	227304	0.1551627432650633	3362	639030	4118450	0
bv	1	227304	230148	0.1558020931758135	3391	647198	4153975	0
uv	1	227304	230148	0.1588752941459686	3391	659964	4153975	0
bv	1	230148	233026	0.1502163359570156	3464	637428	4243400	0
uv	1	230148	233026	0.1538744874393175	3464	652951	4243400	0
bv	1	233026	235895	0.145103123158515	3394	603288	4157650	0
uv	1	233026	235895	0.1497139008815075	3394	622458	4157650	0
uv	1	235895	238724	0.1496039879791591	3443	630981	4217675	0
bv	1	235895	238724	0.1510384275696918	3443	637031	4217675	0
bv	1	238724	241619	0.1532479705414679	3414	640906	4182150	0
uv	1	238724	241619	0.1526917972813026	3414	638580	4182150	0
bv	1	241619	244553	0.1552486848542317	3379	642617	4139275	0
uv	1	241619	244553	0.1523249844477595	3379	630515	4139275	0
bv	1	244553	247469	0.1560176276780855	3413	652298	4180925	0
uv	1	244553	247469	0.1526686080233441	3413	638296	4180925	0
bv	1	247469	250342	0.1580733526654629	3357	650049	4112325	0
uv	1	247469	250342	0.1558685172013398	3357	640982	4112325	0
bv	1	250342	253264	0.1525424253058845	3431	641132	4202975	0
uv	1	250342	253264	0.1499925647904163	3431	630415	4202975	0
bv	1	253264	256152	0.1540671943048082	3463	653580	4242175	0
uv	1	253264	256152	0.1539568735377489	3463	653112	4242175	0
bv	1	256152	259062	0.1489638104802553	3414	622989	4182150	0
uv	1	256152	259062	0.1491476871943856	3414	623758	4182150	0
uv	1	259062	261923	0.1454897488949496	3472	618797	4253200	0
bv	1	259062	261923	0.1445549233518292	3472	614821	4253200	0
bv	1	261923	264790	0.1501256583035224	3383	622147	4144175	0
uv	1	261923	264790	0.1453331483347107	3383	602286	4144175	0
bv	1	264790	267695	0.16117324541757	3417	674643	4185825	0
uv	1	264790	267695	0.1589849073957941	3417	665483	4185825	0
bv	1	267695	270575	0.1554775366611024	3411	649659	4178475	0
uv	1	267695	270575	0.1515102998103375	3411	633082	4178475	0
bv	1	270575	273470	0.1566494096167013	3398	652061	4162550	0
uv	1	270575	273470	0.1572204538083626	3398	654438	4162550	0
bv	1	273470	276391	0.1562037945307079	3412	652885	4179700	0
uv	1	273470	276391	0.1565944924276862	3412	654518	4179700	0
bv	1	276391	279224	0.1547952367121696	3443	652876	4217675	0
uv	1	276391	279224	0.151842662130202	3443	640423	4217675	0
uv	1	279224	282124	0.1517654566251279	3390	630244	4152750	0
bv	1	279224	282124	0.1533027511889711	3390	636628	4152750	0
uv	1	282124	285017	0.149947960382743	3404	625268	4169900	0
bv	1	282124	285017	0.1520319432120674	3404	633958	4169900	0
bv	1	285017	287903	0.1537242524916943	3440	647794	4214000	0
uv	1	285017	287903	0.1548934504034171	3440	652721	4214000	0
bv	1	287903	290745	0.1493356441363373	3462	633325	4240950	0
uv	1	287903	290745	0.1498742027140145	3462	635609	4240950	0
bv	1	290745	293623	0.1543292775159278	3373	637677	4131925	0
uv	1	290745	293623	0.1573448211184859	3373	650137	4131925	0
bv	1	293623	296541	0.1516986657988936	3512	652638	4302200	0
uv	1	293623	296541	0.1518088419878202	3512	653112	4302200	0
bv	1	296541	299382	0.1566174692934093	3461	664015	4239725	0
uv	1	296541	299382	0.153955740053895	3461	652730	4239725	0
bv	1	299382	302204	0.1620589965243739	3435	681924	4207875	0
uv	1	299382	302204	0.1603700204972818	3435	674817	4207875	0
bv	1	302204	305072	0.1561698400700668	3402	650830	4167450	0
uv	1	302204	305072	0.1557741544589617	3402	649181	4167450	0
uv	1	305072	307953	0.154422083830637	3454	653383	4231150	0
bv	1	305072	307953	0.1536048119305626	3454	649925	4231150	0
bv	1	307953	310789	0.1550006904791925	3399	645388	4163775	0
uv	1	307953	310789	0.1549351249767338	3399	645115	4163775	0
bv	1	310789	313648	0.1589929001993243	3389	660063	4151525	0
uv	1	310789	313648	0.1560277247517478	3389	647753	4151525	0
bv	1	313648	316576	0.1555112785096489	3419	651324	4188275	0
uv	1	313648	316576	0.1553961953310133	3419	650842	4188275	0
bv	1	316576	319408	0.1502120446168417	3383	622505	4144175	0
uv	1	316576	319408	0.151976931476108	3383	629819	4144175	0
bv	1	319408	322265	0.155076798514038	3428	651214	4199300	0
uv	1	319408	322265	0.1532400638201605	3428	643501	4199300	0
bv	1	322265	325251	0.1571609471496259	3407	655923	4173575	0
uv	1	322265	325251	0.1540475491634869	3407	642929	4173575	0
bv	1	325251	328164	0.1537777072551508	3344	629935	4096400	0
uv	1	325251	328164	0.1523091006737623	3344	623919	4096400	0
uv	1	328164	330989	0.1515894934423681	3414	633970	4182150	0
bv	1	328164	330989	0.1534973637961335	3414	641949	4182150	0
bv	1	330989	333892	0.1537806387719732	3462	652176	4240950	0
uv	1	330989	333892	0.1523998160789445	3462	646320	4240950	0
bv	1	333892	336787	0.1586601414854171	3407	662180	4173575	0
uv	1	333892	336787	0.1566527497409295	3407	653802	4173575	0
bv	1	336787	339707	0.1505914665456586	3418	630534	4187050	0
uv	1	336787	339707	0.1481990900514682	3418	620517	4187050	0
bv	1	339707	342635	0.1510602807597027	3460	640269	4238500	0
uv	1	339707	342635	0.1489378317801108	3460	631273	4238500	0
bv	1	342635	345504	0.1558502419159982	3463	661144	4242175	0
uv	1	342635	345504	0.154669951145344	3463	656137	4242175	0
bv	1	345504	348365	0.1547661167270646	3424	649151	4194400	0
uv	1	345504	348365	0.1528366393286286	3424	641058	4194400	0
uv	1	348365	351212	0.1628911266522384	3423	683031	4193175	0
bv	1	348365	351212	0.1619624747357312	3423	679137	4193175	0
uv	1	351212	354033	0.1583263518546104	3425	664278	4195625	0
bv	1	351212	354033	0.158200029792939	3425	663748	4195625	0
bv	1	354033	356859	0.1644642425498118	3546	714408	4343850	0
uv	1	354033	356859	0.1660398034002095	3546	721252	4343850	0
bv	1	356859	359678	0.1566968429427293	3386	649955	4147850	0
uv	1	356859	359678	0.1584681220391287	3386	657302	4147850	0
bv	1	359678	362472	0.1543601853449045	3431	648772	4202975	0
uv	1	359678	362472	0.153692563005966	3431	645966	4202975	0
bv	1	362472	365333	0.1554345562271829	3410	649289	4177250	0
uv	1	362472	365333	0.1579050810940211	3410	659609	4177250	0
bv	1	365333	368193	0.1602719493891902	3413	670085	4180925	0
uv	1	365333	368193	0.1586770870082577	3413	663417	4180925	0
bv	1	368193	371045	0.1605032645820007	3382	664957	4142950	0
uv	1	368193	371045	0.1613355217900288	3382	668405	4142950	0
uv	1	371045	373892	0.1509225255625557	3411	630626	4178475	0
bv	1	371045	373892	0.1518408031638337	3411	634463	4178475	0
uv	1	373892	376744	0.1505768978158846	3418	630473	4187050	0
bv	1	373892	376744	0.1532673361913519	3418	641738	4187050	0
bv	1	376744	379561	0.150765816026587	3402	628309	4167450	0
uv	1	376744	379561	0.1508634776661987	3402	628716	4167450	0
bv	1	379561	382431	0.1559222213523946	3389	647315	4151525	0
uv	1	379561	382431	0.1582257122382739	3389	656878	4151525	0
bv	1	382431	385242	0.1586363717239293	3441	668688	4215225	0
uv	1	382431	385242	0.1626304645659484	3441	685524	4215225	0
bv	1	385242	388077	0.147978684938977	3443	624126	4217675	0
uv	1	385242	388077	0.1503114867788532	3443	633965	4217675	0
bv	1	388077	390916	0.1511017325896376	3443	637298	4217675	0
uv	1	388077	390916	0.150828596323804	3443	636146	4217675	0
bv	1	390916	393747	0.160664962542726	3457	680388	4234825	0
uv	1	390916	393747	0.1595338650357453	3457	675598	4234825	0
bv	1	393747	396613	0.1579567367912052	3503	677820	4291175	0
uv	1	393747	396613	0.1582874154514789	3503	679239	4291175	0
uv	1	396613	399464	0.152587530425014	3488	651976	4272800	0
bv	1	396613	399464	0.1523563003182924	3488	650988	4272800	0
bv	1	399464	402302	0.1548279264536003	3392	643341	4155200	0
uv	1	399464	402302	0.156167212167886	3392	648906	4155200	0
bv	1	402302	405154	0.1549973108270241	3453	655627	4229925	0
uv	1	402302	405154	0.1551616163407152	3453	656322	4229925	0
bv	1	405154	408073	0.1468540761564017	3354	603372	4108650	0
uv	1	405154	408073	0.1490129361225706	3354	612242	4108650	0
bv	1	408073	410944	0.1564230485247644	3455	662041	4232375	0
uv	1	408073	410944	0.1528529489943589	3455	646931	4232375	0
bv	1	410944	413794	0.1595412145777651	3459	676020	4237275	0
uv	1	410944	413794	0.1566558696331958	3459	663794	4237275	0
bv	1	413794	416670	0.1566194950886758	3451	662105	4227475	0
uv	1	413794	416670	0.1560967244040473	3451	659895	4227475	0
uv	1	416670	419522	0.1622327229769639	3386	672917	4147850	0
bv	1	416670	419522	0.1601723784611304	3386	664371	4147850	0
uv	1	419522	422349	0.1607043935478121	3435	676224	4207875	0
bv	1	419522	422349	0.1609301607105724	3435	677174	4207875	0
bv	1	422349	425223	0.1618891438232097	3380	670302	4140500	0
uv	1	422349	425223	0.1589687235841082	3380	658210	4140500	0
bv	1	425223	428103	0.1524545517865849	3516	656637	4307100	0
uv	1	425223	428103	0.1535662046388521	3516	661425	4307100	0
bv	1	428103	430991	0.1641416183086653	3443	692296	4217675	0
uv	1	428103	430991	0.1641238359996917	3443	692221	4217675	0
bv	1	430991	433863	0.1506677781309409	3403	628085	4168675	0
uv	1	430991	433863	0.1509649948724714	3403	629324	4168675	0
bv	1	433863	436741	0.1569961753281901	3431	659851	4202975	0
uv	1	433863	436741	0.1581465509549783	3431	664686	4202975	0
bv	1	436741	439571	0.1550039404810915	3470	658883	4250750	0
uv	1	436741	439571	0.1572037875668999	3470	668234	4250750	0
bv	1	439571	442449	0.1527209684579299	3402	636457	4167450	0
uv	1	439571	442449	0.1530480269709294	3402	637820	4167450	0
uv	1	442449	445323	0.1509377301560903	3436	635312	4209100	0
bv	1	442449	445323	0.1478218621558052	3436	622197	4209100	0
bv	1	445323	448232	0.153341563542928	3455	648999	4232375	0
uv	1	445323	448232	0.1548036268052807	3455	655187	4232375	0
bv	1	448232	451098	0.151339084905099	3430	635889	4201750	0
uv	1	448232	451098	0.1507688463140358	3430	633493	4201750	0
bv	1	451098	453986	0.1498903713775813	3362	617316	4118450	0
uv	1	451098	453986	0.1488705702388034	3362	613116	4118450	0
bv	1	453986	456925	0.1557629219912264	3424	653332	4194400	0
uv	1	453986	456925	0.1553089834064467	3424	651428	4194400	0
bv	1	456925	459769	0.1620902073105831	3413	677687	4180925	0
uv	1	456925	459769	0.1638981804265802	3413	685246	4180925	0
bv	1	459769	462631	0.1549903859401113	3407	646864	4173575	0
uv	1	459769	462631	0.155529971307572	3407	649116	4173575	0
bv	1	462631	465514	0.1498283654911069	3409	625687	4176025	0
uv	1	462631	465514	0.1453389287659915	3409	606939	4176025	0
uv	1	465514	468378	0.1557762316144687	3423	653197	4193175	0
bv	1	465514	468378	0.1573430634304554	3423	659767	4193175	0
bv	1	468378	471218	0.1542945098831611	3434	649063	4206650	0
uv	1	468378	471218	0.1561463397240084	3434	656853	4206650	0
bv	1	471218	474014	0.1581477929886281	3469	672053	4249525	0
uv	1	471218	474014	0.157012371970985	3469	667228	4249525	0
bv	1	474014	476909	0.1557320292921471	3347	638513	4100075	0
uv	1	474014	476909	0.1553200856081901	3347	636824	4100075	0
bv	1	476909	479850	0.1597408487204405	3465	678040	4244625	0
uv	1	476909	479850	0.1567252701946579	3465	665240	4244625	0
bv	1	479850	482767	0.1480502776965799	3421	620438	4190725	0
uv	1	479850	482767	0.1473892942152014	3421	617668	4190725	0
bv	1	482767	485596	0.1557087409898227	3423	652914	4193175	0
uv	1	482767	485596	0.1540665486176942	3423	646028	4193175	0
bv	1	485596	488420	0.1508350953885628	3436	634880	4209100	0
uv	1	485596	488420	0.1515266921669715	3436	637791	4209100	0
uv	1	488420	491367	0.1473444065957254	3385	610982	4146625	0
bv	1	488420	491367	0.1493137189883339	3385	619148	4146625	0
bv	1	491367	494255	0.1484716002619608	3459	629115	4237275	0
uv	1	491367	494255	0.1506697110761043	3459	638429	4237275	0
bv	1	494255	497107	0.1503056183240515	3441	633572	4215225	0
uv	1	494255	497107	0.1512832648316519	3441	637693	4215225	0
bv	1	497107	500088	0.1518598314657428	3393	631194	4156425	0
uv	1	497107	500088	0.1520568758007181	3393	632013	4156425	0
bv	1	500088	502948	0.1456258583716839	3388	604391	4150300	0
uv	1	500088	502948	0.1444596776136665	3388	599551	4150300	0
bv	1	502948	505866	0.1515251739664347	3490	647808	4275250	0
uv	1	502948	505866	0.1539580141512192	3490	658209	4275250	0
bv	1	505866	508746	0.1478453815141463	3427	620666	4198075	0
uv	1	505866	508746	0.1471169524127129	3427	617608	4198075	0
bv	1	508746	511638	0.1609402269147034	3459	681948	4237275	0
uv	1	508746	511638	0.1605534217156073	3459	680309	4237275	0
uv	1	511638	514484	0.1636983285193427	3448	691429	4223800	0
bv	1	511638	514484	0.1648546332686206	3448	696313	4223800	0
bv	1	514484	517360	0.1621860456693769	3381	671730	4141725	0
uv	1	514484	517360	0.1640101648467727	3381	679285	4141725	0
bv	1	517360	520249	0.1587333924874297	3450	670847	4226250	0
uv	1	517360	520249	0.1593251700680272	3450	673348	4226250	0
bv	1	520249	523152	0.1621808272270332	3370	669523	4128250	0
uv	1	520249	523152	0.1652908617452916	3370	682362	4128250	0
bv	1	523152	526036	0.1518299981354168	3393	631070	4156425	0
uv	1	523152	526036	0.1521374739108729	3393	632348	4156425	0
bv	1	526036	528946	0.1513142386637652	3470	643199	4250750	0
uv	1	526036	528946	0.1566996412397812	3470	666091	4250750	0
bv	1	528946	531833	0.1533042880073377	3471	651846	4251975	0
uv	1	528946	531833	0.1555371327441953	3471	661340	4251975	0
bv	1	531833	534708	0.1537630850073246	3441	648146	4215225	0
uv	1	531833	534708	0.1541858382411377	3441	649928	4215225	0
uv	1	534708	537511	0.1564767826992428	3469	664952	4249525	0
bv	1	534708	537511	0.1609683435207464	3469	684039	4249525	0
bv	1	537511	540351	0.1554037883983257	3452	657156	4228700	0
uv	1	537511	540351	0.1569470522855724	3452	663682	4228700	0
bv	1	540351	543248	0.1487989843824854	3408	621206	4174800	0
uv	1	540351	543248	0.1510673565200728	3408	630676	4174800	0
bv	1	543248	546177	0.1492639276660864	3494	638872	4280150	0
uv	1	543248	546177	0.1490239828043409	3494	637845	4280150	0
bv	1	546177	549061	0.1499410537989561	3386	621933	4147850	0
uv	1	546177	549061	0.1522034306930096	3386	631317	4147850	0
bv	1	549061	552004	0.150662383021187	3354	619019	4108650	0
uv	1	549061	552004	0.1452109573704258	3354	596621	4108650	0
bv	1	552004	554906	0.1527209105089289	3441	643753	4215225	0
uv	1	552004	554906	0.1494380489772195	3441	629915	4215225	0
bv	1	554906	557821	0.1409725670683703	3370	581970	4128250	0
uv	1	554906	557821	0.1416861866408284	3370	584916	4128250	0
bv	1	557821	560777	0.1530998214888792	3384	634660	4145400	0
uv	1	557821	560777	0.1520152458146379	3384	630164	4145400	0
uv	1	560777	563661	0.1447898277217385	3401	603227	4166225	0
bv	1	560777	563661	0.1460706034839693	3401	608563	4166225	0
bv	1	563661	566550	0.1465617679024272	3380	606839	4140500	0
uv	1	563661	566550	0.1449337036589784	3380	600098	4140500	0
bv	1	566550	569414	0.1528563000421407	3390	634774	4152750	0
uv	1	566550	569414	0.1511774125579435	3390	627802	4152750	0
bv	1	569414	572268	0.1501022792294488	3424	629589	4194400	0
uv	1	569414	572268	0.1521118634369635	3424	638018	4194400	0
bv	1	572268	575183	0.1512462312765012	3398	629570	4162550	0
uv	1	572268	575183	0.1530806837155109	3398	637206	4162550	0
bv	1	575183	578020	0.1520013398090772	3412	635320	4179700	0
uv	1	575183	578020	0.1542273368902074	3412	644624	4179700	0
bv	1	578020	580865	0.1581776781929389	3370	652997	4128250	0
uv	1	578020	580865	0.1577116211469751	3370	651073	4128250	0
bv	1	580865	583737	0.1601059482547769	3421	670960	4190725	0
uv	1	580865	583737	0.1585210196326411	3421	664318	4190725	0
uv	1	583737	586587	0.1528519838270405	3402	637003	4167450	0
bv	1	583737	586587	0.1526974528788587	3402	636359	4167450	0
bv	1	586587	589438	0.1520863879532395	3502	652443	4289950	0
uv	1	586587	589438	0.1514716954743062	3502	649806	4289950	0
bv	1	589438	592378	0.1568955845918064	3369	647512	4127025	0
uv	1	589438	592378	0.1578396060115943	3369	651408	4127025	0
bv	1	592378	595225	0.1564467340334192	3399	651409	4163775	0
uv	1	592378	595225	0.1554968748311328	3399	647454	4163775	0
bv	1	595225	598138	0.1535276283149783	3406	640571	4172350	0
uv	1	595225	598138	0.152152623821108	3406	634834	4172350	0
bv	1	598138	601023	0.1605216350469806	3410	670539	4177250	0
uv	1	598138	601023	0.1574195942306541	3410	657581	4177250	0
bv	1	601023	603931	0.1493241578522577	3363	615167	4119675	0
uv	1	601023	603931	0.1491542415360435	3363	614467	4119675	0
bv	1	603931	606805	0.1485695184771773	3419	622250	4188275	0
uv	1	603931	606805	0.149707695889119	3419	627017	4188275	0
uv	1	606805	609683	0.1503034118531731	3501	644610	4288725	0
bv	1	606805	609683	0.1527894654005561	3501	655272	4288725	0
bv	1	609683	612576	0.1532504022848592	3437	645234	4210325	0
uv	1	609683	612576	0.1508168609311632	3437	634988	4210325	0
bv	1	612576	615476	0.1611537317870948	3363	663901	4119675	0
uv	1	612576	615476	0.154640839386602	3363	637070	4119675	0
bv	1	615476	618321	0.162346314945192	3435	683133	4207875	0
uv	1	615476	618321	0.1547253661289843	3435	651065	4207875	0
bv	1	618321	621203	0.1629470648116729	3368	672287	4125800	0
uv	1	618321	621203	0.1612385476756023	3368	665238	4125800	0
bv	1	621203	624061	0.1610052538784945	3461	682618	4239725	0
uv	1	621203	624061	0.1568599378497426	3461	665043	4239725	0
bv	1	624061	626904	0.1559593744039672	3424	654156	4194400	0
uv	1	624061	626904	0.1538863723059317	3424	645461	4194400	0
bv	1	626904	629814	0.1607176391683434	3408	670964	4174800	0
uv	1	626904	629814	0.1584490274983232	3408	661493	4174800	0
uv	1	629814	632697	0.1618021300791137	3338	661617	4089050	0
bv	1	629814	632697	0.1609728421026889	3338	658226	4089050	0
bv	1	632697	635567	0.1520811795357932	3423	637703	4193175	0
uv	1	632697	635567	0.1499543901697401	3423	628785	4193175	0
bv	1	635567	638509	0.1536195576748572	3441	647541	4215225	0
uv	1	635567	638509	0.1503312397321614	3441	633680	4215225	0
bv	1	638509	641371	0.1521658598695511	3398	633398	4162550	0
uv	1	638509	641371	0.1536488450589182	3398	639571	4162550	0
bv	1	641371	644249	0.1516454615318931	3346	621572	4098850	0
uv	1	641371	644249	0.1528743428034692	3346	626609	4098850	0
bv	1	644249	647126	0.1602574894775934	3462	679644	4240950	0
uv	1	644249	647126	0.1551074641294992	3462	657803	4240950	0
bv	1	647126	650053	0.1515135023706452	3465	643118	4244625	0
uv	1	647126	650053	0.1518294313396354	3465	644459	4244625	0
uv	1	650053	652956	0.1573578255351654	3393	654046	4156425	0
bv	1	650053	652956	0.1605985913375076	3393	667516	4156425	0
uv	1	652956	655873	0.155921992242723	3378	645213	4138050	0
bv	1	652956	655873	0.1573936999311269	3378	651303	4138050	0
bv	1	655873	658736	0.1447468189766271	3373	598083	4131925	0
uv	1	655873	658736	0.1435176098307689	3373	593004	4131925	0
bv	1	658736	661672	0.1523324400056163	3343	623828	4095175	0
uv	1	658736	661672	0.1535458191652371	3343	628797	4095175	0
bv	1	661672	664535	0.1504622179594205	3447	635338	4222575	0
uv	1	661672	664535	0.1497915371544614	3447	632506	4222575	0
bv	1	664535	667472	0.1525345391801035	3430	640912	4201750	0
uv	1	664535	667472	0.149968941512465	3430	630132	4201750	0
bv	1	667472	670364	0.1521543134224969	3447	642483	4222575	0
uv	1	667472	670364	0.1521450773520896	3447	642444	4222575	0
bv	1	670364	673276	0.1514793042699132	3371	625530	4129475	0
uv	1	670364	673276	0.1505111424575763	3371	621532	4129475	0
bv	1	673276	676156	0.1476200091343958	3396	614114	4160100	0
uv	1	673276	676156	0.1459813466022451	3396	607297	4160100	0
uv	1	676156	678992	0.1594998047065716	3344	653375	4096400	0
bv	1	676156	678992	0.1591001855287569	3344	651738	4096400	0
bv	1	678992	681883	0.1506560027227091	3358	619731	4113550	0
uv	1	678992	681883	0.1492737416586646	3358	614045	4113550	0
bv	1	681883	684760	0.1530090459122717	3348	627536	4101300	0
uv	1	681883	684760	0.1526937800209689	3348	626243	4101300	0
bv	1	684760	687652	0.1513865458180925	3409	632194	4176025	0
uv	1	684760	687652	0.1526815572224783	3409	637602	4176025	0
bv	1	687652	690487	0.1502669506696523	3363	619051	4119675	0
uv	1	687652	690487	0.1520658789831722	3363	626462	4119675	0
bv	1	690487	693354	0.1496260865457294	3456	633457	4233600	0
uv	1	690487	693354	0.1504492630385487	3456	636942	4233600	0
bv	1	693354	696204	0.146838474366819	3402	611942	4167450	0
uv	1	693354	696204	0.150727903154207	3402	628151	4167450	0
uv	1	696204	699135	0.1523036781812292	3465	646472	4244625	0
bv	1	696204	699135	0.1491655917778366	3465	633152	4244625	0
uv	1	699135	702007	0.154346314945192	3435	649470	4207875	0
bv	1	699135	702007	0.1529933755161453	3435	643777	4207875	0
bv	1	702007	704859	0.1493699092635577	3385	619381	4146625	0
uv	1	702007	704859	0.1491851807192596	3385	618615	4146625	0
bv	1	704859	707719	0.1587100813257634	3325	646446	4073125	0
uv	1	704859	707719	0.157143716433942	3325	640066	4073125	0
bv	1	707719	710591	0.1498855151816824	3485	639880	4269125	0
uv	1	707719	710591	0.1492064533130325	3485	636981	4269125	0
bv	1	710591	713478	0.15545085411072	3473	661354	4254425	0
uv	1	710591	713478	0.1524718381449902	3473	648680	4254425	0
bv	1	713478	716356	0.1553295966273833	3408	648470	4174800	0
uv	1	713478	716356	0.1572389096483664	3408	656441	4174800	0
bv	1	716356	719164	0.1555111472665322	3462	659515	4240950	0
uv	1	716356	719164	0.1526601351112368	3462	647424	4240950	0
bv	1	719164	721980	0.1464416893037078	3516	630739	4307100	0
uv	1	719164	721980	0.1493872907524784	3516	643426	4307100	0
uv	1	721980	724885	0.1575811043926198	3419	659993	4188275	0
bv	1	721980	724885	0.1566088664187523	3419	655921	4188275	0
bv	1	724885	727779	0.1453636512588978	3363	598851	4119675	0
uv	1	724885	727779	0.1471026233865535	3363	606015	4119675	0
bv	1	727779	730690	0.1503283315102766	3377	621882	4136825	0
uv	1	727779	730690	0.1501170583720606	3377	621008	4136825	0
bv	1	730690	733640	0.1424991878082636	3455	603110	4232375	0
uv	1	730690	733640	0.1451234826781653	3455	614217	4232375	0
bv	1	733640	736532	0.1539894440534834	3480	656457	4263000	0
uv	1	733640	736532	0.1539629368988974	3480	656344	4263000	0
bv	1	736532	739363	0.1498414830091848	3404	624824	4169900	0
uv	1	736532	739363	0.1524991006978584	3404	635906	4169900	0
bv	1	739363	742274	0.1517319912073128	3398	631592	4162550	0
uv	1	739363	742274	0.1538854788531068	3398	640556	4162550	0
bv	1	742274	745156	0.1526985723867011	3408	637486	4174800	0
uv	1	742274	745156	0.1552675577273163	3408	648211	4174800	0
uv	1	745156	748049	0.1514639392056588	3416	633816	4184600	0
bv	1	745156	748049	0.1515571380777135	3416	634206	4184600	0
uv	1	748049	750898	0.1514598201089481	3383	627676	4144175	0
bv	1	748049	750898	0.1508609071769411	3383	625194	4144175	0
bv	1	750898	753744	0.1483436220754773	3415	620577	4183375	0
uv	1	750898	753744	0.148373024173066	3415	620700	4183375	0
bv	1	753744	756593	0.153100225456036	3485	653604	4269125	0
uv	1	753744	756593	0.1527179457148713	3485	651972	4269125	0
bv	1	756593	759458	0.15399623509726	3415	644224	4183375	0
uv	1	756593	759458	0.1571305465085009	3415	657336	4183375	0
bv	1	759458	762378	0.1551522180342128	3449	655522	4225025	0
uv	1	759458	762378	0.1613192821344252	3449	681578	4225025	0
uv	1	762378	765257	0.1561025531053051	3426	655139	4196850	0
bv	1	762378	765257	0.1541234497301547	3426	646833	4196850	0
bv	1	765257	768096	0.1514786842120925	3429	636290	4200525	0
uv	1	765257	768096	0.1539814666023889	3429	646803	4200525	0
bv	1	768096	771006	0.1580166731407057	3415	661043	4183375	0
uv	1	768096	771006	0.1565377237278513	3415	654856	4183375	0
bv	1	771006	773917	0.151717813628027	3494	649375	4280150	0
uv	1	771006	773917	0.1526070348001822	3494	653181	4280150	0
uv	1	773917	776843	0.1600498283425519	3424	671313	4194400	0
bv	1	773917	776843	0.1585528323478924	3424	665034	4194400	0
bv	1	776843	779754	0.1556126315288575	3431	654036	4202975	0
uv	1	776843	779754	0.155748249751664	3431	654606	4202975	0
bv	1	779754	782634	0.1573784616129286	3373	650276	4131925	0
uv	1	779754	782634	0.1566845961628054	3373	647409	4131925	0
bv	1	782634	785562	0.153484016403271	3404	640013	4169900	0
uv	1	782634	785562	0.1535940909853953	3404	640472	4169900	0
bv	1	785562	788482	0.1520552051607952	3404	634055	4169900	0
uv	1	785562	788482	0.1552468884145902	3404	647364	4169900	0
bv	1	788482	791351	0.1622770699664849	3343	664553	4095175	0
uv	1	788482	791351	0.1607972797255306	3343	658493	4095175	0
bv	1	791351	794266	0.156312546687782	3415	653914	4183375	0
uv	1	791351	794266	0.1571773986314877	3415	657532	4183375	0
bv	1	794266	797160	0.1567247681990946	3372	647383	4130700	0
uv	1	794266	797160	0.1553037015517951	3372	641513	4130700	0
uv	1	797160	800081	0.1513490807401677	3430	635931	4201750	0
bv	1	797160	800081	0.1507162491818885	3430	633272	4201750	0
bv	1	800081	802979	0.1502738430250431	3452	635463	4228700	0
uv	1	800081	802979	0.1502021897982831	3452	635160	4228700	0
bv	1	802979	805894	0.1511166594297293	3384	626439	4145400	0
uv	1	802979	805894	0.1483531142953635	3384	614983	4145400	0
bv	1	805894	808823	0.1561433712325	3414	653015	4182150	0
uv	1	805894	808823	0.1530753320660426	3414	640184	4182150	0
bv	1	808823	811704	0.1545211144840852	3395	642634	4158875	0
uv	1	808823	811704	0.1531697875026299	3395	637014	4158875	0
bv	1	811704	814564	0.1510783736004714	3394	628131	4157650	0
uv	1	811704	814564	0.1507426070015513	3394	626735	4157650	0
bv	1	814564	817409	0.1596572583069763	3394	663799	4157650	0
uv	1	814564	817409	0.1554507955215085	3394	646310	4157650	0
bv	1	817409	820346	0.1573826515707071	3423	659933	4193175	0
uv	1	817409	820346	0.1552198513059912	3423	650864	4193175	0
uv	1	820346	823266	0.1611386914870326	3449	680815	4225025	0
bv	1	820346	823266	0.1623789208347879	3449	686055	4225025	0
bv	1	823266	826199	0.163944054934879	3394	681622	4157650	0
uv	1	823266	826199	0.1590569191730905	3394	661303	4157650	0
bv	1	826199	829077	0.1585775259137046	3414	663195	4182150	0
uv	1	826199	829077	0.1554690769102017	3414	650195	4182150	0
bv	1	829077	832045	0.1501322773410942	3422	629347	4191950	0
uv	1	829077	832045	0.1536461551306671	3422	644077	4191950	0
bv	1	832045	834898	0.1640420574425984	3486	700517	4270350	0
uv	1	832045	834898	0.1608144531478684	3486	686734	4270350	0
bv	1	834898	837705	0.158023313282785	3386	655457	4147850	0
uv	1	834898	837705	0.1568484877707728	3386	650584	4147850	0
bv	1	837705	840637	0.154450065823263	3457	654069	4234825	0
uv	1	837705	840637	0.1545567998677631	3457	654521	4234825	0
uv	1	840637	843502	0.1523188475390156	3400	634408	4165000	0
bv	1	840637	843502	0.1560290516206482	3400	649861	4165000	0
uv	1	843502	846468	0.1485026750913888	3372	613420	4130700	0
bv	1	843502	846468	0.1513092211973757	3372	625013	4130700	0
bv	1	846468	849407	0.155773007316134	3392	647268	4155200	0
uv	1	846468	849407	0.1530301790527531	3392	635871	4155200	0
bv	1	849407	852307	0.1538123800673433	3382	637237	4142950	0
uv	1	849407	852307	0.1492108280331647	3382	618173	4142950	0
bv	1	852307	855196	0.1478195361230545	3370	610236	4128250	0
uv	1	852307	855196	0.1416193302246714	3370	584640	4128250	0
bv	1	855196	858098	0.1504446705368364	3410	628445	4177250	0
uv	1	855196	858098	0.1517548626488718	3410	633918	4177250	0
bv	1	858098	860993	0.1516048024714472	3488	647777	4272800	0
uv	1	858098	860993	0.1517564594645197	3488	648425	4272800	0
bv	1	860993	863998	0.1468167436317592	3425	615988	4195625	0
uv	1	860993	863998	0.1471077610606286	3425	617209	4195625	0
bv	1	863998	866883	0.1485498706524863	3408	620166	4174800	0
uv	1	863998	866883	0.148291654690045	3408	619088	4174800	0
uv	1	866883	869785	0.1449482839262772	3447	612055	4222575	0
bv	1	866883	869785	0.1458543661154627	3447	615881	4222575	0
bv	1	869785	872685	0.1547788966594525	3423	649015	4193175	0
uv	1	869785	872685	0.1498890458900475	3423	628511	4193175	0
bv	1	872685	875589	0.1530082038666841	3418	640653	4187050	0
uv	1	872685	875589	0.1521020766410718	3418	636859	4187050	0
bv	1	875589	878505	0.1515300084530853	3380	627410	4140500	0
uv	1	875589	878505	0.1528011109769351	3380	632673	4140500	0
bv	1	878505	881383	0.1562997897193421	3358	642947	4113550	0
uv	1	878505	881383	0.1595247414034107	3358	656213	4113550	0
bv	1	881383	884220	0.1576545877269204	3476	671309	4258100	0
uv	1	881383	884220	0.1560379042295859	3476	664425	4258100	0
bv	1	884220	887086	0.155854351034634	3443	657343	4217675	0
uv	1	884220	887086	0.1542266770199221	3443	650478	4217675	0
bv	1	887086	889965	0.1519549776369183	3445	641269	4220125	0
uv	1	887086	889965	0.1491770978347797	3445	629546	4220125	0
uv	1	889965	892889	0.1509172958112137	3333	616184	4082925	0
bv	1	889965	892889	0.1507380125767679	3333	615452	4082925	0
bv	1	892889	895818	0.1541171792939333	3439	649261	4212775	0
uv	1	892889	895818	0.1568018705010355	3439	660571	4212775	0
bv	1	895818	898691	0.1586039496630061	3464	673020	4243400	0
uv	1	895818	898691	0.1594879106376961	3464	676771	4243400	0
bv	1	898691	901563	0.1570568845856747	3461	665878	4239725	0
uv	1	898691	901563	0.1577677797498658	3461	668892	4239725	0
bv	1	901563	904416	0.1550622142621482	3464	657991	4243400	0
uv	1	901563	904416	0.1554392703963802	3464	659591	4243400	0
bv	1	904416	907305	0.1550306947082933	3341	634498	4092725	0
uv	1	904416	907305	0.1528697872444398	3341	625654	4092725	0
bv	1	907305	910213	0.1541129980212056	3455	652264	4232375	0
uv	1	907305	910213	0.1522674621223308	3455	644453	4232375	0
uv	1	910213	913095	0.1610415117868534	3404	671527	4169900	0
bv	1	910213	913095	0.1615472793112544	3404	673636	4169900	0
uv	1	913095	915974	0.1547890957842991	3425	649437	4195625	0
bv	1	913095	915974	0.1571649039177715	3425	659405	4195625	0
bv	1	915974	918794	0.1520035213152588	3431	638867	4202975	0
uv	1	915974	918794	0.1517037336648445	3431	637607	4202975	0
bv	1	918794	921668	0.1583734180170924	3496	678250	4282600	0
uv	1	918794	921668	0.158000747209639	3496	676654	4282600	0
bv	1	921668	924570	0.1561350261034646	3440	657953	4214000	0
uv	1	921668	924570	0.1569079259610821	3440	661210	4214000	0
bv	1	924570	927465	0.1545602526724975	3360	636170	4116000	0
uv	1	924570	927465	0.1542896015549076	3360	635056	4116000	0
bv	1	927465	930359	0.1579623975574481	3429	663525	4200525	0
uv	1	927465	930359	0.1534282024270775	3429	644479	4200525	0
bv	1	930359	933224	0.1566021260217303	3473	666252	4254425	0
uv	1	930359	933224	0.1536028958084817	3473	653492	4254425	0
uv	1	933224	936128	0.1513424408450367	3412	632566	4179700	0
bv	1	933224	936128	0.1533791898940115	3412	641079	4179700	0
uv	1	936128	938972	0.1638926117205173	3347	671972	4100075	0
bv	1	936128	938972	0.1667179258915995	3347	683556	4100075	0
bv	1	938972	941851	0.1637397381258631	3443	690601	4217675	0
uv	1	938972	941851	0.1634952906518401	3443	689570	4217675	0
bv	1	941851	944715	0.1554907564420306	3442	655619	4216450	0
uv	1	941851	944715	0.1577746682635866	3442	665249	4216450	0
bv	1	944715	947634	0.1582030183298896	3378	654652	4138050	0
uv	1	944715	947634	0.1593390606686724	3378	659353	4138050	0
bv	1	947634	950551	0.1494513029092234	3417	625577	4185825	0
uv	1	947634	950551	0.153310040434084	3417	641729	4185825	0
bv	1	950551	953444	0.1542957013857101	3433	648879	4205425	0
uv	1	950551	953444	0.1540120201882092	3433	647686	4205425	0
bv	1	953444	956432	0.1504312941233163	3388	624335	4150300	0
uv	1	953444	956432	0.152306580247211	3388	632118	4150300	0
bv	1	956432	959319	0.1483634270034544	3332	605575	4081700	0
uv	1	956432	959319	0.1495075581252909	3332	610245	4081700	0
uv	1	959319	962242	0.1497940188291721	3438	630865	4211550	0
bv	1	959319	962242	0.1493129607864088	3438	628839	4211550	0
bv	1	962242	965159	0.1525652558796086	3412	637677	4179700	0
uv	1	962242	965159	0.1497995071416608	3412	626117	4179700	0
bv	1	965159	968100	0.1504885627598332	3343	616277	4095175	0
uv	1	965159	968100	0.1478979530789282	3343	605668	4095175	0
bv	1	968100	970988	0.1551845852979639	3402	646724	4167450	0
uv	1	968100	970988	0.1511979747807412	3402	630110	4167450	0
bv	1	970988	973877	0.147918801306701	3386	613545	4147850	0
uv	1	970988	973877	0.1481343346553033	3386	614439	4147850	0
bv	1	973877	976791	0.1530564084040696	3390	635605	4152750	0
uv	1	973877	976791	0.1511306965263981	3390	627608	4152750	0
bv	1	976791	979707	0.1639558206210759	3374	677654	4133150	0
uv	1	976791	979707	0.1609837533116388	3374	665370	4133150	0
uv	1	979707	982533	0.1595210280373832	3424	669095	4194400	0
bv	1	979707	982533	0.1584872687392714	3424	664759	4194400	0
uv	1	982533	985379	0.1667734960457332	3445	703805	4220125	0
bv	1	982533	985379	0.1635378098989958	3445	690150	4220125	0
bv	1	985379	988237	0.1560223208593166	3361	642379	4117225	0
uv	1	985379	988237	0.1563596840104682	3361	643768	4117225	0
bv	1	988237	991153	0.1630856429908208	3435	686244	4207875	0
uv	1	988237	991153	0.1634563764370377	3435	687804	4207875	0
bv	1	991153	994028	0.1591418344103017	3512	684660	4302200	0
uv	1	991153	994028	0.1604748733206266	3512	690395	4302200	0
bv	1	994028	996870	0.1572532844667554	3419	658620	4188275	0
uv	1	994028	996870	0.1559816392190102	3419	653294	4188275	0
bv	1	996870	999711	0.1578222651647264	3464	669703	4243400	0
uv	1	996870	999711	0.1583131451194796	3464	671786	4243400	0
bv	1	999711	1002606	0.1618441255006675	3424	678839	4194400	0
uv	1	999711	1002606	0.1623636276940682	3424	681018	4194400	0
bv	1	1002606	1005467	0.15100149529838	3453	638725	4229925	0
uv	1	1002606	1005467	0.1547067619402235	3453	654398	4229925	0
uv	1	1005467	1008308	0.1544103643802186	3412	645389	4179700	0
bv	1	1005467	1008308	0.1548438883173433	3412	647201	4179700	0
bv	1	1008308	1011295	0.1497491509122058	3395	622788	4158875	0
uv	1	1008308	1011295	0.148565176880767	3395	617864	4158875	0
bv	1	1011295	1014165	0.1509537100808351	3378	624654	4138050	0
uv	1	1011295	1014165	0.1516018414470584	3378	627336	4138050	0
bv	1	1014165	1017024	0.1570628298995402	3356	645701	4111100	0
uv	1	1014165	1017024	0.1601967843156332	3356	658585	4111100	0
bv	1	1017024	1019865	0.1578981217745286	3389	655518	4151525	0
uv	1	1017024	1019865	0.1564711762545088	3389	649594	4151525	0
bv	1	1019865	1022753	0.1601323323275759	3436	674013	4209100	0
uv	1	1019865	1022753	0.1577180394858758	3436	663851	4209100	0
bv	1	1022753	1025702	0.1556408354666603	3412	650532	4179700	0
uv	1	1022753	1025702	0.1555757590257674	3412	650260	4179700	0
bv	1	1025702	1028576	0.1572894834941805	3449	664552	4225025	0
uv	1	1025702	1028576	0.1596594102993473	3449	674565	4225025	0
uv	1	1028576	1031436	0.1486041096450018	3497	636594	4283825	0
bv	1	1028576	1031436	0.1496190904156915	3497	640942	4283825	0
bv	1	1031436	1034304	0.1620573829531812	3400	674969	4165000	0
uv	1	1031436	1034304	0.1639817527010804	3400	682984	4165000	0
bv	1	1034304	1037139	0.159934646347622	3435	672985	4207875	0
uv	1	1034304	1037139	0.1589883254611888	3435	669003	4207875	0
bv	1	1037139	1040045	0.157644423794036	3426	661610	4196850	0
uv	1	1037139	1040045	0.1555040089591002	3426	652627	4196850	0
bv	1	1040045	1042919	0.1575474546254145	3434	662747	4206650	0
uv	1	1040045	1042919	0.1578843022357458	3434	664164	4206650	0
bv	1	1042919	1045766	0.1569534655027983	3362	646405	4118450	0
uv	1	1042919	1045766	0.1567016717454382	3362	645368	4118450	0
bv	1	1045766	1048629	0.1534822375638702	3367	633049	4124575	0
uv	1	1045766	1048629	0.1551655625125013	3367	639992	4124575	0
bv	1	1048629	1051456	0.1550436807346224	3427	650885	4198075	0
uv	1	1048629	1051456	0.1544010052226318	3427	648187	4198075	0
uv	1	1051456	1054311	0.1512854212883512	3413	632513	4180925	0
bv	1	1051456	1054311	0.1525925482997183	3413	637978	4180925	0
bv	1	1054311	1057128	0.1546866502769467	3445	652797	4220125	0
uv	1	1054311	1057128	0.1545240958502414	3445	652111	4220125	0
bv	1	1057128	1059992	0.1532616219023863	3379	634392	4139275	0
uv	1	1057128	1059992	0.1536102336761872	3379	635835	4139275	0
bv	1	1059992	1062846	0.154513957930382	3387	641090	4149075	0
uv	1	1059992	1062846	0.1563741315835457	3387	648808	4149075	0
bv	1	1062846	1065753	0.1490331374052304	3354	612325	4108650	0
uv	1	1062846	1065753	0.1519866622856656	3354	624460	4108650	0
bv	1	1065753	1068652	0.1496044578858381	3428	628234	4199300	0
uv	1	1065753	1068652	0.1507558402590908	3428	633069	4199300	0
bv	1	1068652	1071550	0.1523559991682262	3435	641095	4207875	0
uv	1	1068652	1071550	0.1582157264652585	3435	665752	4207875	0
bv	1	1071550	1074399	0.1527563457187866	3446	644838	4221350	0
uv	1	1071550	1074399	0.1577931230530517	3446	666100	4221350	0
uv	1	1074399	1077283	0.1587235321503709	3463	673333	4242175	0
bv	1	1074399	1077283	0.1554893421417079	3463	659613	4242175	0
bv	1	1077283	1080128	0.1520422778105799	3491	650205	4276475	0
uv	1	1077283	1080128	0.1538131288035122	3491	657778	4276475	0
bv	1	1080128	1083005	0.1650930106555896	3390	685590	4152750	0
uv	1	1080128	1083005	0.1623813135873818	3390	674329	4152750	0
bv	1	1083005	1085880	0.160033391946857	3447	675753	4222575	0
uv	1	1083005	1085880	0.1592312747553329	3447	672366	4222575	0
bv	1	1085880	1088779	0.1606394876451751	3416	672212	4184600	0
uv	1	1085880	1088779	0.16178416097118	3416	677002	4184600	0
bv	1	1088779	1091624	0.1574129021503583	3428	661024	4199300	0
uv	1	1088779	1091624	0.1597404329292977	3428	670798	4199300	0
bv	1	1091624	1094511	0.1569577848714178	3414	656421	4182150	0
uv	1	1091624	1094511	0.1578006527742907	3414	659946	4182150	0
bv	1	1094511	1097372	0.1512364733441325	3389	627862	4151525	0
uv	1	1094511	1097372	0.1532831911165174	3389	636359	4151525	0
uv	1	1097372	1100165	0.153173870840174	3406	639095	4172350	0
bv	1	1097372	1100165	0.1546399511066905	3406	645212	4172350	0
bv	1	1100165	1103047	0.1491189960095117	3493	638069	4278925	0
uv	1	1100165	1103047	0.1530017469341014	3493	654683	4278925	0
bv	1	1103047	1105966	0.1535820597161393	3369	633837	4127025	0
uv	1	1103047	1105966	0.1568115046552904	3369	647165	4127025	0
bv	1	1105966	1108785	0.1597494820565332	3428	670836	4199300	0
uv	1	1105966	1108785	0.1634905817636272	3428	686546	4199300	0
bv	1	1108785	1111692	0.1526239324983901	3391	633996	4153975	0
uv	1	1108785	1111692	0.1554773439897929	3391	645849	4153975	0
bv	1	1111692	1114568	0.1563159636543095	3515	673077	4305875	0
uv	1	1111692	1114568	0.155078816732952	3515	667750	4305875	0
bv	1	1114568	1117458	0.1594399985504708	3379	659966	4139275	0
uv	1	1114568	1117458	0.1559478411074403	3379	645511	4139275	0
bv	1	1117458	1120288	0.1530826056143469	3398	637214	4162550	0
uv	1	1117458	1120288	0.1539270399154364	3398	640729	4162550	0
bv	1	1120288	1123199	0.1570950368313005	3380	650452	4140500	0
uv	1	1120288	1123199	0.1575647868614901	3380	652397	4140500	0
uv	1	1123199	1126089	0.1595276031580515	3425	669318	4195625	0
bv	1	1123199	1126089	0.1563252197229256	3425	655882	4195625	0
bv	1	1126089	1128946	0.1500078920138665	3491	641505	4276475	0
uv	1	1126089	1128946	0.1535201304812959	3491	656525	4276475	0
bv	1	1128946	1131845	0.1500947887264608	3391	623490	4153975	0
uv	1	1128946	1131845	0.1526325988962379	3391	634032	4153975	0
bv	1	1131845	1134739	0.1535162673331858	3413	641840	4180925	0
uv	1	1131845	1134739	0.15637950931911	3413	653811	4180925	0
bv	1	1134739	1137588	0.1561249429727181	3355	641654	4109875	0
uv	1	1134739	1137588	0.157726451534414	3355	648236	4109875	0
bv	1	1137588	1140427	0.1582654238165854	3468	672359	4248300	0
uv	1	1137588	1140427	0.1627450980392157	3468	691390	4248300	0
bv	1	1140427	1143288	0.1535155949172121	3392	637888	4155200	0
uv	1	1140427	1143288	0.1549251540238737	3392	643745	4155200	0
bv	1	1143288	1146230	0.153799377180016	3493	658096	4278925	0
uv	1	1143288	1146230	0.156061393924876	3493	667775	4278925	0
uv	1	1146230	1149094	0.1613622224220084	3405	673062	4171125	0
bv	1	1146230	1149094	0.159666996313944	3405	665991	4171125	0
bv	1	1149094	1151941	0.1542913376602075	3484	658500	4267900	0
uv	1	1149094	1151941	0.1537618032287541	3484	656240	4267900	0
bv	1	1151941	1154837	0.1526520934396283	3374	630934	4133150	0
uv	1	1151941	1154837	0.1520126295924416	3374	628291	4133150	0
bv	1	1154837	1157669	0.1491896636597097	3441	628868	4215225	0
uv	1	1154837	1157669	0.1497898688682098	3441	631398	4215225	0
bv	1	1157669	1160567	0.161142566290174	3368	664842	4125800	0
uv	1	1157669	1160567	0.1610730040234621	3368	664555	4125800	0
bv	1	1160567	1163436	0.1532737846455141	3418	641765	4187050	0
uv	1	1160567	1163436	0.152295530265939	3418	637669	4187050	0
bv	1	1163436	1166352	0.1574347138677376	3369	649737	4127025	0
uv	1	1163436	1166352	0.1553453153300501	3369	641114	4127025	0
bv	1	1166352	1169218	0.1577697231812652	3322	642036	4069450	0
uv	1	1166352	1169218	0.1580390470456695	3322	643132	4069450	0
uv	1	1169218	1172088	0.1585780426039028	3425	665334	4195625	0
bv	1	1169218	1172088	0.1609469387755102	3425	675273	4195625	0
bv	1	1172088	1174935	0.1535171012849584	3456	649930	4233600	0
uv	1	1172088	1174935	0.1561434712773998	3456	661049	4233600	0
bv	1	1174935	1177782	0.1521578152305915	3445	642125	4220125	0
uv	1	1174935	1177782	0.1578498267231421	3445	666146	4220125	0
bv	1	1177782	1180645	0.1563305860041269	3422	655330	4191950	0
uv	1	1177782	1180645	0.1617113753742291	3422	677886	4191950	0
bv	1	1180645	1183541	0.1537742749890035	3387	638021	4149075	0
uv	1	1180645	1183541	0.1567134843308448	3387	650216	4149075	0
bv	1	1183541	1186447	0.1559886376493988	3427	654852	4198075	0
uv	1	1183541	1186447	0.1558411891164402	3427	654233	4198075	0
bv	1	1186447	1189319	0.1603439442954553	3394	666654	4157650	0
uv	1	1186447	1189319	0.1614308563731916	3394	671173	4157650	0
bv	1	1189319	1192180	0.1565199090832561	3394	650755	4157650	0
uv	1	1189319	1192180	0.1547718061885921	3394	643487	4157650	0
uv	1	1192180	1195107	0.1583413219046027	3419	663177	4188275	0
bv	1	1192180	1195107	0.1578556804412317	3419	661143	4188275	0
bv	1	1195107	1197989	0.1517169437963318	3455	642123	4232375	0
uv	1	1195107	1197989	0.1513412682004784	3455	640533	4232375	0
bv	1	1197989	1200907	0.1522568992662567	3435	640678	4207875	0
uv	1	1197989	1200907	0.156231114279773	3435	657401	4207875	0
bv	1	1200907	1203773	0.1570065673328154	3468	667011	4248300	0
uv	1	1200907	1203773	0.1550015300237742	3468	658493	4248300	0
bv	1	1203773	1206738	0.1520651639465655	3445	641734	4220125	0
uv	1	1203773	1206738	0.1509853381120227	3445	637177	4220125	0
bv	1	1206738	1209664	0.1458694383090895	3391	605938	4153975	0
uv	1	1206738	1209664	0.1476140323425153	3391	613185	4153975	0
bv	1	1209664	1212533	0.1525958754780371	3426	640422	4196850	0
uv	1	1209664	1212533	0.153338813634035	3426	643540	4196850	0
bv	1	1212533	1215422	0.153722128570233	3414	642889	4182150	0
uv	1	1212533	1215422	0.1528790215558982	3414	639363	4182150	0
uv	1	1215422	1218335	0.1516947440762542	3415	634596	4183375	0
bv	1	1215422	1218335	0.151982310933158	3415	635799	4183375	0
bv	1	1218335	1221218	0.1498565701021915	3385	621399	4146625	0
uv	1	1218335	1221218	0.1504430711723389	3385	623831	4146625	0
bv	1	1221218	1224096	0.1548627065397251	3404	645762	4169900	0
uv	1	1221218	1224096	0.1554401784215449	3404	648170	4169900	0
bv	1	1224096	1227035	0.1609461746784021	3376	665609	4135600	0
uv	1	1224096	1227035	0.1586185801334751	3376	655983	4135600	0
bv	1	1227035	1229875	0.1560394919029558	3390	647993	4152750	0
uv	1	1227035	1229875	0.1583117211486364	3390	657429	4152750	0
bv	1	1229875	1232831	0.1537153093958493	3429	645685	4200525	0
uv	1	1229875	1232831	0.1566932704840466	3429	658194	4200525	0
bv	1	1232831	1235746	0.1599520516589162	3388	663849	4150300	0
uv	1	1232831	1235746	0.1579823145314796	3388	655674	4150300	0
bv	1	1235746	1238651	0.1577765209857528	3392	655593	4155200	0
uv	1	1235746	1238651	0.1565611763573353	3392	650543	4155200	0
uv	1	1238651	1241512	0.1579130560456699	3389	655580	4151525	0
bv	1	1238651	1241512	0.1582363107532774	3389	656922	4151525	0
bv	1	1241512	1244423	0.1581995662893978	3435	665684	4207875	0
uv	1	1241512	1244423	0.1586309003950925	3435	667499	4207875	0
bv	1	1244423	1247332	0.1573667583572569	3398	655047	4162550	0
uv	1	1244423	1247332	0.1586282447057693	3398	660298	4162550	0
bv	1	1247332	1250194	0.1537855387124228	3429	645980	4200525	0
uv	1	1247332	1250194	0.1552534504615494	3429	652146	4200525	0
bv	1	1250194	1253080	0.1510805737389295	3392	627770	4155200	0
uv	1	1250194	1253080	0.1524374278013092	3392	633408	4155200	0
bv	1	1253080	1255919	0.1489317349037763	3403	620848	4168675	0
uv	1	1253080	1255919	0.1510424775258325	3403	629647	4168675	0
bv	1	1255919	1258811	0.1529455762462557	3427	642077	4198075	0
uv	1	1255919	1258811	0.1527840736528051	3427	641399	4198075	0
bv	1	1258811	1261721	0.1483794093695083	3333	605822	4082925	0
uv	1	1258811	1261721	0.1524896979493867	3333	622604	4082925	0
uv	1	1261721	1264619	0.1478018530854478	3370	610163	4128250	0
bv	1	1261721	1264619	0.1470485072367225	3370	607053	4128250	0
bv	1	1264619	1267553	0.154603955384313	3427	649039	4198075	0
uv	1	1264619	1267553	0.156285678555052	3427	656099	4198075	0
bv	1	1267553	1270460	0.1538491696030209	3394	639651	4157650	0
uv	1	1267553	1270460	0.1561471023294409	3394	649205	4157650	0
bv	1	1270460	1273381	0.1577501185822961	3399	656836	4163775	0
uv	1	1270460	1273381	0.1556013473350505	3399	647889	4163775	0
bv	1	1273381	1276311	0.1542199279711884	3400	642326	4165000	0
uv	1	1273381	1276311	0.1570175270108043	3400	653978	4165000	0
bv	1	1276311	1279195	0.1561025341201834	3351	640797	4104975	0
uv	1	1276311	1279195	0.1605035353443078	3351	658863	4104975	0
bv	1	1279195	1282060	0.1607159783344617	3376	664657	4135600	0
uv	1	1279195	1282060	0.1593650256311055	3376	659070	4135600	0
bv	1	1282060	1284961	0.1551377474066549	3315	629995	4060875	0
uv	1	1282060	1284961	0.1580019084556899	3315	641626	4060875	0
uv	1	1284961	1287855	0.1564650594764159	3409	653402	4176025	0
bv	1	1284961	1287855	0.1531444375931657	3409	639535	4176025	0
bv	1	1287855	1290723	0.1536476198345156	3458	650859	4236050	0
uv	1	1287855	1290723	0.1586756530258141	3458	672158	4236050	0
bv	1	1290723	1293619	0.1563904911935755	3446	660179	4221350	0
uv	1	1290723	1293619	0.1591571416726876	3446	671858	4221350	0
bv	1	1293619	1296552	0.1535022774327122	3450	648739	4226250	0
uv	1	1293619	1296552	0.1567687666370896	3450	662544	4226250	0
bv	1	1296552	1299474	0.1601625039406611	3431	673159	4202975	0
uv	1	1296552	1299474	0.158524378565183	3431	666274	4202975	0
bv	1	1299474	1302336	0.1579709830834988	3390	656014	4152750	0
uv	1	1299474	1302336	0.1596809343206309	3390	663115	4152750	0
bv	1	1302336	1305260	0.1562787706270135	3427	656070	4198075	0
uv	1	1302336	1305260	0.1515280217718835	3427	636126	4198075	0
bv	1	1305260	1308060	0.1564104228263743	3396	650683	4160100	0
uv	1	1305260	1308060	0.15584336914978	3396	648324	4160100	0
uv	1	1308060	1310980	0.1501025606526698	3337	613593	4087825	0
bv	1	1308060	1310980	0.1486394353965739	3337	607612	4087825	0
uv	1	1310980	1313833	0.1596245516568621	3431	670898	4202975	0
bv	1	1310980	1313833	0.1545721780405546	3431	649663	4202975	0
bv	1	1313833	1316738	0.1580981836854109	3418	661965	4187050	0
uv	1	1313833	1316738	0.1622507493342568	3418	679352	4187050	0
bv	1	1316738	1319607	0.1525202881152461	3400	635247	4165000	0
uv	1	1316738	1319607	0.156497719087635	3400	651813	4165000	0
bv	1	1319607	1322509	0.1604358721056309	3388	665857	4150300	0
uv	1	1319607	1322509	0.1638491193407705	3388	680023	4150300	0
bv	1	1322509	1325333	0.1572272274044049	3459	666215	4237275	0
uv	1	1322509	1325333	0.1633493223828994	3459	692156	4237275	0
bv	1	1325333	1328163	0.1628574982968514	3445	687279	4220125	0
uv	1	1325333	1328163	0.1671073724119546	3445	705214	4220125	0
bv	1	1328163	1331065	0.1579763996987195	3414	660681	4182150	0
uv	1	1328163	1331065	0.1583883887474146	3414	662404	4182150	0
bv	1	1331065	1333981	0.1560924756093192	3418	653567	4187050	0
uv	1	1331065	1333981	0.1547841559092917	3418	648089	4187050	0
uv	1	1333981	1336868	0.15067055393586	3458	638248	4236050	0
bv	1	1333981	1336868	0.1512711134193411	3458	640792	4236050	0
bv	1	1336868	1339723	0.1539214673211056	3476	655413	4258100	0
uv	1	1336868	1339723	0.1563929921796106	3476	665937	4258100	0
bv	1	1339723	1342674	0.1533843487789046	3427	643919	4198075	0
uv	1	1339723	1342674	0.1541828099783829	3427	647271	4198075	0
bv	1	1342674	1345608	0.1495604302326991	3366	616690	4123350	0
uv	1	1342674	1345608	0.1536992979009785	3366	633756	4123350	0
bv	1	1345608	1348460	0.1473986402629874	3371	608679	4129475	0
uv	1	1345608	1348460	0.1503135386459538	3371	620716	4129475	0
bv	1	1348460	1351393	0.1544203023475629	3433	649403	4205425	0
uv	1	1348460	1351393	0.1566260247180725	3433	658679	4205425	0
bv	1	1351393	1354231	0.1533740624962856	3434	645191	4206650	0
uv	1	1351393	1354231	0.153109243697479	3434	644077	4206650	0
uv	1	1354231	1357148	0.1588609068987825	3470	675278	4250750	0
bv	1	1354231	1357148	0.1600785743692289	3470	680454	4250750	0
uv	1	1357148	1360005	0.1595801542806559	3389	662501	4151525	0
bv	1	1357148	1360005	0.1627939130801332	3389	675843	4151525	0
bv	1	1360005	1362932	0.1532395764594773	3371	632799	4129475	0
uv	1	1360005	1362932	0.1561646456268654	3371	644878	4129475	0
bv	1	1362932	1365850	0.1522443059033883	3447	642863	4222575	0
uv	1	1362932	1365850	0.1565255797706375	3447	660941	4222575	0
bv	1	1365850	1368745	0.1561890364611453	3402	650910	4167450	0
uv	1	1365850	1368745	0.1582180949981403	3402	659366	4167450	0
bv	1	1368745	1371623	0.1510547773116215	3444	637285	4218900	0
uv	1	1368745	1371623	0.15103700016592	3444	637210	4218900	0
bv	1	1371623	1374535	0.1580572952634963	3428	663730	4199300	0
uv	1	1371623	1374535	0.1543309599218917	3428	648082	4199300	0
bv	1	1374535	1377426	0.1588279269602578	3325	646926	4073125	0
uv	1	1374535	1377426	0.1580516188430259	3325	643764	4073125	0
bv	1	1377426	1380314	0.1532422821461721	3386	635626	4147850	0
uv	1	1377426	1380314	0.151323938908109	3386	627669	4147850	0
uv	1	1380314	1383174	0.1497829684165088	3404	624580	4169900	0
bv	1	1380314	1383174	0.1485196287680759	3404	619312	4169900	0
bv	1	1383174	1386109	0.1607971072521976	3313	652583	4058425	0
uv	1	1383174	1386109	0.1590313976481024	3313	645417	4058425	0
bv	1	1386109	1389063	0.1538524575259269	3367	634576	4124575	0
uv	1	1386109	1389063	0.1541676415145803	3367	635876	4124575	0
bv	1	1389063	1392007	0.1539223376183213	3372	635807	4130700	0
uv	1	1389063	1392007	0.1599097005350182	3372	660539	4130700	0
bv	1	1392007	1394901	0.1515260888465922	3474	644842	4255650	0
uv	1	1392007	1394901	0.152278500346598	3474	648044	4255650	0
bv	1	1394901	1397761	0.1522971020650973	3362	627228	4118450	0
uv	1	1394901	1397761	0.1527771370297077	3362	629205	4118450	0
bv	1	1397761	1400638	0.1548774787364769	3388	642788	4150300	0
uv	1	1397761	1400638	0.15596053297352	3388	647283	4150300	0
bv	1	1400638	1403488	0.1600143504087514	3470	680181	4250750	0
uv	1	1400638	1403488	0.1597172263718167	3470	678918	4250750	0
uv	1	1403488	1406343	0.1546678399652832	3386	641539	4147850	0
bv	1	1403488	1406343	0.1533649963233964	3386	636135	4147850	0
bv	1	1406343	1409277	0.1550873039360757	3379	641949	4139275	0
uv	1	1406343	1409277	0.1562534501814931	3379	646776	4139275	0
bv	1	1409277	1412138	0.1579984509249419	3399	657870	4163775	0
uv	1	1409277	1412138	0.1559591956818031	3399	649379	4163775	0
bv	1	1412138	1415009	0.1557986458924196	3382	645466	4142950	0
uv	1	1412138	1415009	0.1557424057736637	3382	645233	4142950	0
bv	1	1415009	1417932	0.1631348784679001	3361	671663	4117225	0
uv	1	1415009	1417932	0.1642030736721942	3361	676061	4117225	0
bv	1	1417932	1420831	0.1638205117639787	3467	695758	4247075	0
uv	1	1417932	1420831	0.1648299123514418	3467	700045	4247075	0
bv	1	1420831	1423699	0.1525884836693298	3451	645064	4227475	0
uv	1	1420831	1423699	0.1570079066109202	3451	663747	4227475	0
bv	1	1423699	1426512	0.1589072756948664	3426	666910	4196850	0
uv	1	1423699	1426512	0.1634175631723793	3426	685839	4196850	0
uv	1	1426512	1429377	0.1580682036965729	3392	656805	4155200	0
bv	1	1426512	1429377	0.1578094917212167	3392	655730	4155200	0
bv	1	1429377	1432298	0.1613901915445981	3451	682273	4227475	0
uv	1	1429377	1432298	0.1633878378937782	3451	690718	4227475	0
bv	1	1432298	1435179	0.1552806654069785	3359	638945	4114775	0
uv	1	1432298	1435179	0.1581821606284669	3359	650884	4114775	0
bv	1	1435179	1438012	0.156024324760669	3413	652326	4180925	0
uv	1	1435179	1438012	0.1587495590090709	3413	663720	4180925	0
bv	1	1438012	1440895	0.1604470133961884	3446	677303	4221350	0
uv	1	1438012	1440895	0.1577277411254693	3446	665824	4221350	0
bv	1	1440895	1443800	0.1570275144178406	3429	659598	4200525	0
uv	1	1440895	1443800	0.1609113146570964	3429	675912	4200525	0
bv	1	1443800	1446667	0.1550266323538213	3410	647585	4177250	0
uv	1	1443800	1446667	0.1587774253396373	3410	663253	4177250	0
bv	1	1446667	1449509	0.1585070481800967	3395	659211	4158875	0
uv	1	1446667	1449509	0.1575991103363289	3395	655435	4158875	0
uv	1	1449509	1452390	0.1630564839176088	3444	687919	4218900	0
bv	1	1449509	1452390	0.1665125980705871	3444	702500	4218900	0
bv	1	1452390	1455243	0.1592654958555182	3442	671535	4216450	0
uv	1	1452390	1455243	0.1596070153802369	3442	672975	4216450	0
bv	1	1455243	1458140	0.1555140276251015	3416	650764	4184600	0
uv	1	1455243	1458140	0.1554695789322754	3416	650578	4184600	0
bv	1	1458140	1461021	0.1559771930036042	3386	646970	4147850	0
uv	1	1458140	1461021	0.1556403920103186	3386	645573	4147850	0
bv	1	1461021	1463906	0.1555106800737787	3430	653417	4201750	0
uv	1	1461021	1463906	0.1573173082644136	3430	661008	4201750	0
bv	1	1463906	1466860	0.1552759300393632	3427	651860	4198075	0
uv	1	1463906	1466860	0.1562239836115362	3427	655840	4198075	0
bv	1	1466860	1469794	0.146143924906646	3383	605646	4144175	0
uv	1	1466860	1469794	0.1474020764084528	3383	610860	4144175	0
bv	1	1469794	1472704	0.1506141577896536	3414	629891	4182150	0
uv	1	1469794	1472704	0.1502141243140489	3414	628218	4182150	0
uv	1	1472704	1475632	0.1553444027083283	3412	649293	4179700	0
bv	1	1472704	1475632	0.1552838720482331	3412	649040	4179700	0
bv	1	1475632	1478513	0.1539030094196077	3447	649867	4222575	0
uv	1	1475632	1478513	0.1539783189167747	3447	650185	4222575	0
bv	1	1478513	1481377	0.1558090379008746	3360	641310	4116000	0
uv	1	1478513	1481377	0.1584562682215743	3360	652206	4116000	0
bv	1	1481377	1484261	0.1552825936199722	3296	626969	4037600	0
uv	1	1481377	1484261	0.1578311373092926	3296	637259	4037600	0
bv	1	1484261	1487125	0.1570571285690472	3428	659530	4199300	0
uv	1	1484261	1487125	0.1587502679017931	3428	666640	4199300	0
bv	1	1487125	1489955	0.1544825639849716	3471	656856	4251975	0
uv	1	1487125	1489955	0.1568798029151159	3471	667049	4251975	0
bv	1	1489955	1492834	0.1597913403850324	3388	663182	4150300	0
uv	1	1489955	1492834	0.1627140206732043	3388	675312	4150300	0
bv	1	1492834	1495673	0.1519396607688766	3458	643624	4236050	0
uv	1	1492834	1495673	0.1538404881906493	3458	651676	4236050	0
bv	1	1495673	1498562	0.1534213130979874	3464	651028	4243400	0
uv	1	1495673	1498562	0.1549476834613753	3464	657505	4243400	0
bv	1	1498562	1500000	0.1562954569349205	1747	334484	2140075	0
uv	1	1498562	1500000	0.1544800999964954	1747	330599	2140075	0
