pop1	pop2	chromosome	window_pos_1	window_pos_2	avg_wc_fst	no_snps
bv	uv	1	1	2642	0.0270060484808286	3268
bv	uv	1	2642	5316	0.0264175270579602	3372
bv	uv	1	5316	8020	0.0263346570860886	3285
bv	uv	1	8020	10700	0.0276020217147135	3300
bv	uv	1	10700	13337	0.0294562675091418	3360
bv	uv	1	13337	16000	0.0313131686634127	3387
bv	uv	1	16000	18736	0.0273394638169937	3381
bv	uv	1	18736	21427	0.0284084319830147	3359
bv	uv	1	21427	24181	0.0280544552062423	3347
bv	uv	1	24181	26860	0.0282917674940423	3275
bv	uv	1	26860	29562	0.0284874266910195	3304
bv	uv	1	29562	32230	0.0279482864220014	3296
bv	uv	1	32230	34940	0.0284155418767728	3297
bv	uv	1	34940	37626	0.0264601980796206	3356
bv	uv	1	37626	40342	0.029006042023407	3348
bv	uv	1	40342	43047	0.0280350437570348	3391
bv	uv	1	43047	45721	0.0263483499083887	3351
bv	uv	1	45721	48407	0.0287746961260333	3311
bv	uv	1	48407	51085	0.0288575274374756	3410
bv	uv	1	51085	53751	0.0238219541346279	3257
bv	uv	1	53751	56384	0.0257168551762305	3375
bv	uv	1	56384	59048	0.0224552442079847	3398
bv	uv	1	59048	61746	0.024293092956268	3314
bv	uv	1	61746	64447	0.0233717233165761	3344
bv	uv	1	64447	67189	0.0245985009738399	3371
bv	uv	1	67189	69905	0.0246522636775425	3275
bv	uv	1	69905	72583	0.0220927222694923	3387
bv	uv	1	72583	75317	0.0299778346857709	3260
bv	uv	1	75317	78035	0.0296781419062128	3307
bv	uv	1	78035	80709	0.0219856765431673	3307
bv	uv	1	80709	83380	0.0277465609173375	3351
bv	uv	1	83380	86059	0.0258227979300808	3292
bv	uv	1	86059	88811	0.0254714838757194	3344
bv	uv	1	88811	91499	0.0246694307042089	3367
bv	uv	1	91499	94201	0.0234447345166161	3425
bv	uv	1	94201	96836	0.0244816642420541	3387
bv	uv	1	96836	99494	0.0256886242774682	3321
bv	uv	1	99494	102206	0.0282974863335199	3409
bv	uv	1	102206	104899	0.023783550751571	3389
bv	uv	1	104899	107627	0.0259038073661973	3322
bv	uv	1	107627	110327	0.0281573983143553	3297
bv	uv	1	110327	113008	0.0278104665110118	3316
bv	uv	1	113008	115674	0.0263287894970526	3336
bv	uv	1	115674	118373	0.0278385402930459	3308
bv	uv	1	118373	121052	0.026523744198071	3333
bv	uv	1	121052	123732	0.031435820059335	3264
bv	uv	1	123732	126401	0.0312357452497711	3309
bv	uv	1	126401	129105	0.0270494581477829	3359
bv	uv	1	129105	131810	0.0271671857453291	3382
bv	uv	1	131810	134530	0.024733350966533	3284
bv	uv	1	134530	137299	0.0218405302258159	3359
bv	uv	1	137299	140017	0.0237215873178035	3294
bv	uv	1	140017	142728	0.0248610346841405	3267
bv	uv	1	142728	145382	0.0274902862302942	3326
bv	uv	1	145382	148029	0.030373778654034	3418
bv	uv	1	148029	150668	0.0286338703558462	3369
bv	uv	1	150668	153314	0.0265978732698552	3340
bv	uv	1	153314	156046	0.0301737505669204	3325
bv	uv	1	156046	158762	0.0271061598052013	3347
bv	uv	1	158762	161438	0.0273646034256276	3347
bv	uv	1	161438	164116	0.0235732965309353	3398
bv	uv	1	164116	166841	0.0241878121596845	3374
bv	uv	1	166841	169502	0.0233919260750606	3275
bv	uv	1	169502	172223	0.0242831356207923	3322
bv	uv	1	172223	174963	0.0239970888834003	3325
bv	uv	1	174963	177655	0.0235687901806936	3344
bv	uv	1	177655	180397	0.0279892656352662	3320
bv	uv	1	180397	183062	0.0230768919858373	3250
bv	uv	1	183062	185753	0.018557760954376	3347
bv	uv	1	185753	188394	0.0253003422575431	3334
bv	uv	1	188394	191047	0.0232585918964276	3310
bv	uv	1	191047	193759	0.0249410488948905	3301
bv	uv	1	193759	196442	0.0272282521520611	3326
bv	uv	1	196442	199120	0.0252942337171084	3265
bv	uv	1	199120	201843	0.0238197262530246	3317
bv	uv	1	201843	204538	0.0243581171205421	3332
bv	uv	1	204538	207179	0.0250565090226532	3376
bv	uv	1	207179	209878	0.0306511504542139	3360
bv	uv	1	209878	212579	0.0280842444365206	3317
bv	uv	1	212579	215240	0.0269248286373384	3348
bv	uv	1	215240	217948	0.0271376998889206	3328
bv	uv	1	217948	220644	0.0256992332750065	3253
bv	uv	1	220644	223342	0.0223624527722792	3297
bv	uv	1	223342	225997	0.0217424594443338	3194
bv	uv	1	225997	228685	0.0284405843156053	3253
bv	uv	1	228685	231359	0.0218609435635002	3384
bv	uv	1	231359	234051	0.0253804916352444	3327
bv	uv	1	234051	236751	0.021814301657406	3261
bv	uv	1	236751	239414	0.021688488290116	3231
bv	uv	1	239414	242141	0.0225523307696672	3307
bv	uv	1	242141	244880	0.0248134973568499	3295
bv	uv	1	244880	247586	0.0239923687484614	3317
bv	uv	1	247586	250249	0.0238843673466099	3292
bv	uv	1	250249	252923	0.0298892327894933	3361
bv	uv	1	252923	255584	0.0263122433281155	3364
bv	uv	1	255584	258281	0.0249537910902637	3299
bv	uv	1	258281	260962	0.0239459759924571	3336
bv	uv	1	260962	263666	0.0228246752171017	3275
bv	uv	1	263666	266350	0.025862461569244	3353
bv	uv	1	266350	269056	0.0230352597477727	3274
bv	uv	1	269056	271772	0.0210542164613455	3328
bv	uv	1	271772	274463	0.0252064391866863	3366
bv	uv	1	274463	277105	0.0230181055673333	3262
bv	uv	1	277105	279780	0.0259355153443566	3313
bv	uv	1	279780	282486	0.0288344870878127	3286
bv	uv	1	282486	285144	0.0265662175435555	3400
bv	uv	1	285144	287812	0.025863315474934	3343
bv	uv	1	287812	290504	0.0310048665112559	3318
bv	uv	1	290504	293227	0.024774781691013	3292
bv	uv	1	293227	295904	0.0201951587496098	3359
bv	uv	1	295904	298602	0.0244535638143934	3372
bv	uv	1	298602	301274	0.0224088917279932	3316
bv	uv	1	301274	303910	0.0280610193357884	3347
bv	uv	1	303910	306573	0.0273895915512724	3314
bv	uv	1	306573	309232	0.0257929688019485	3296
bv	uv	1	309232	311895	0.0229942300200848	3371
bv	uv	1	311895	314589	0.023750373326817	3344
bv	uv	1	314589	317301	0.0240026507366849	3367
bv	uv	1	317301	319955	0.0270844728372982	3357
bv	uv	1	319955	322677	0.0265588187803686	3400
bv	uv	1	322677	325373	0.0300013932301131	3308
bv	uv	1	325373	328117	0.024659749493286	3331
bv	uv	1	328117	330750	0.0260948007467223	3325
bv	uv	1	330750	333437	0.0283289276290339	3374
bv	uv	1	333437	336098	0.0270900637058059	3349
bv	uv	1	336098	338795	0.0264297896162058	3285
bv	uv	1	338795	341526	0.0307831112552728	3325
bv	uv	1	341526	344248	0.0272651143636989	3363
bv	uv	1	344248	346951	0.0237792924399769	3326
bv	uv	1	346951	349672	0.0261405270660549	3378
bv	uv	1	349672	352308	0.0250939991161737	3420
bv	uv	1	352308	354946	0.0258809358389177	3488
bv	uv	1	354946	357594	0.0278254993160326	3330
bv	uv	1	357594	360257	0.0238695690646845	3330
bv	uv	1	360257	362890	0.0247428605879325	3319
bv	uv	1	362890	365571	0.0231940616011505	3361
bv	uv	1	365571	368225	0.0240440989297005	3354
bv	uv	1	368225	370921	0.0242524882738211	3334
bv	uv	1	370921	373588	0.0255141191512663	3301
bv	uv	1	373588	376266	0.0263665951192198	3253
bv	uv	1	376266	378936	0.025751329600135	3282
bv	uv	1	378936	381611	0.0253631531840685	3312
bv	uv	1	381611	384244	0.0276262385013521	3393
bv	uv	1	384244	386958	0.0240328367718614	3367
bv	uv	1	386958	389629	0.0246121216195651	3379
bv	uv	1	389629	392306	0.0269741278891545	3378
bv	uv	1	392306	394977	0.0244005260584496	3384
bv	uv	1	394977	397601	0.0233103008575932	3389
bv	uv	1	397601	400250	0.0300531842993263	3388
bv	uv	1	400250	402924	0.0263054562851551	3353
bv	uv	1	402924	405655	0.0287538561517339	3265
bv	uv	1	405655	408372	0.0270900462715513	3328
bv	uv	1	408372	411042	0.0284704052810803	3299
bv	uv	1	411042	413714	0.0228989900299926	3365
bv	uv	1	413714	416362	0.0245915354985128	3380
bv	uv	1	416362	419067	0.024194543232381	3324
bv	uv	1	419067	421721	0.023785931985539	3417
bv	uv	1	421721	424407	0.0245953204012518	3400
bv	uv	1	424407	427078	0.0226247945859929	3413
bv	uv	1	427078	429718	0.0261349398023517	3369
bv	uv	1	429718	432434	0.0210755488008741	3322
bv	uv	1	432434	435119	0.0229937058529548	3258
bv	uv	1	435119	437786	0.0217824925093519	3357
bv	uv	1	437786	440441	0.0227880640071718	3317
bv	uv	1	440441	443163	0.0229875892869181	3289
bv	uv	1	443163	445815	0.0275079765429584	3356
bv	uv	1	445815	448480	0.0206976775314865	3431
bv	uv	1	448480	451151	0.0257394153492615	3317
bv	uv	1	451151	453859	0.0274810066476733	3278
bv	uv	1	453859	456561	0.0258713676458235	3334
bv	uv	1	456561	459249	0.0231614905968437	3365
bv	uv	1	459249	461895	0.024117860928295	3325
bv	uv	1	461895	464607	0.026794140867092	3272
bv	uv	1	464607	467267	0.0227829998549757	3387
bv	uv	1	467267	469927	0.0236931792533742	3340
bv	uv	1	469927	472586	0.0251898897372135	3346
bv	uv	1	472586	475247	0.0256263121659526	3363
bv	uv	1	475247	477977	0.0240581752947206	3307
bv	uv	1	477977	480666	0.0259556707008905	3367
bv	uv	1	480666	483367	0.0268883441230483	3305
bv	uv	1	483367	486056	0.0229558608031498	3362
bv	uv	1	486056	488713	0.0272218321447041	3321
bv	uv	1	488713	491408	0.0245313676210894	3232
bv	uv	1	491408	494110	0.0245623668796592	3295
bv	uv	1	494110	496845	0.0282633365392933	3310
bv	uv	1	496845	499629	0.0276128762972392	3235
bv	uv	1	499629	502310	0.0220621595309285	3348
bv	uv	1	502310	505054	0.0218210564296735	3413
bv	uv	1	505054	507797	0.0238454722706317	3307
bv	uv	1	507797	510487	0.0229562175194846	3391
bv	uv	1	510487	513167	0.0287039202018776	3347
bv	uv	1	513167	515767	0.0237093503166583	3401
bv	uv	1	515767	518476	0.0275142846494741	3411
bv	uv	1	518476	521172	0.0265233629065072	3271
bv	uv	1	521172	523888	0.030462668291998	3304
bv	uv	1	523888	526530	0.025822727225054	3285
bv	uv	1	526530	529273	0.0236330074116551	3317
bv	uv	1	529273	531940	0.0232921570364276	3398
bv	uv	1	531940	534675	0.0259029441611279	3347
bv	uv	1	534675	537282	0.0243356794405599	3393
bv	uv	1	537282	540003	0.0264886528091669	3410
bv	uv	1	540003	542691	0.0263227511175173	3264
bv	uv	1	542691	545397	0.0221229028006435	3285
bv	uv	1	545397	548087	0.021184753793507	3204
bv	uv	1	548087	550835	0.0228129511255933	3267
bv	uv	1	550835	553533	0.0251637841725846	3232
bv	uv	1	553533	556283	0.0251708305413164	3313
bv	uv	1	556283	559003	0.0221937851499461	3229
bv	uv	1	559003	561738	0.0247937921953765	3306
bv	uv	1	561738	564451	0.0224134529235008	3314
bv	uv	1	564451	567178	0.0279100117097272	3174
bv	uv	1	567178	569874	0.0214972398697403	3311
bv	uv	1	569874	572588	0.0283210328228857	3301
bv	uv	1	572588	575284	0.0244405459311007	3303
bv	uv	1	575284	577985	0.0200853569308855	3305
bv	uv	1	577985	580638	0.0214774095359244	3267
bv	uv	1	580638	583372	0.0196336662960438	3386
bv	uv	1	583372	586087	0.0232940857408181	3373
bv	uv	1	586087	588789	0.0248933366398594	3405
bv	uv	1	588789	591496	0.0232587461044137	3332
bv	uv	1	591496	594202	0.0213925411364277	3329
bv	uv	1	594202	596874	0.0209039979568973	3300
bv	uv	1	596874	599653	0.0243393256129723	3392
bv	uv	1	599653	602370	0.0285857936373483	3328
bv	uv	1	602370	605063	0.0291157314824181	3342
bv	uv	1	605063	607729	0.0300481591223206	3297
bv	uv	1	607729	610463	0.0237263100220061	3359
bv	uv	1	610463	613223	0.0240708095814544	3293
bv	uv	1	613223	615907	0.0264864511038453	3317
bv	uv	1	615907	618585	0.0221574279542622	3450
bv	uv	1	618585	621259	0.0247206157030749	3351
bv	uv	1	621259	623964	0.0223340329028521	3294
bv	uv	1	623964	626628	0.0261740583552776	3331
bv	uv	1	626628	629328	0.0214646464646464	3321
bv	uv	1	629328	632006	0.0256136904115211	3317
bv	uv	1	632006	634696	0.0287781064123887	3303
bv	uv	1	634696	637444	0.026765706703035	3273
bv	uv	1	637444	640156	0.0245500047904709	3336
bv	uv	1	640156	642853	0.0267314394500219	3298
bv	uv	1	642853	645517	0.0237224716199862	3305
bv	uv	1	645517	648247	0.0278675697931093	3371
bv	uv	1	648247	650950	0.0258375862466548	3353
bv	uv	1	650950	653702	0.0269768160593466	3247
bv	uv	1	653702	656390	0.026006404878997	3299
bv	uv	1	656390	659082	0.0253305718855174	3269
bv	uv	1	659082	661824	0.0267584931727408	3301
bv	uv	1	661824	664474	0.0240477561783879	3329
bv	uv	1	664474	667161	0.0243524418653679	3315
bv	uv	1	667161	669854	0.0256411646583234	3315
bv	uv	1	669854	672563	0.0264477288478674	3255
bv	uv	1	672563	675236	0.0302136671975849	3282
bv	uv	1	675236	677868	0.0268904291025358	3254
bv	uv	1	677868	680555	0.0264184423666699	3400
bv	uv	1	680555	683271	0.024694235670605	3227
bv	uv	1	683271	685968	0.0334968546997739	3270
bv	uv	1	685968	688650	0.0353088362636753	3288
bv	uv	1	688650	691284	0.0332459807408331	3311
bv	uv	1	691284	693954	0.0316333494810037	3307
bv	uv	1	693954	696606	0.0280841711456051	3279
bv	uv	1	696606	699298	0.0289166354873494	3324
bv	uv	1	699298	701975	0.0233044807574383	3419
bv	uv	1	701975	704676	0.026776776579941	3272
bv	uv	1	704676	707334	0.0300573318336015	3337
bv	uv	1	707334	710046	0.02451710243115	3305
bv	uv	1	710046	712745	0.0272658015380516	3354
bv	uv	1	712745	715449	0.0277196660479622	3345
bv	uv	1	715449	718130	0.027865713100976	3368
bv	uv	1	718130	720810	0.0270247337509926	3307
bv	uv	1	720810	723514	0.0282560146283399	3306
bv	uv	1	723514	726212	0.0278866482544743	3335
bv	uv	1	726212	728962	0.028569363440299	3232
bv	uv	1	728962	731667	0.0289064864209966	3322
bv	uv	1	731667	734378	0.0278144942861383	3455
bv	uv	1	734378	737066	0.0210840653042433	3297
bv	uv	1	737066	739679	0.0234113270660028	3257
bv	uv	1	739679	742376	0.0197090555543939	3284
bv	uv	1	742376	745067	0.0233264385058313	3311
bv	uv	1	745067	747795	0.0237003488098712	3387
bv	uv	1	747795	750461	0.0297754689168659	3336
bv	uv	1	750461	753184	0.0276432848675572	3348
bv	uv	1	753184	755885	0.0224490016575341	3345
bv	uv	1	755885	758602	0.0255372801402523	3331
bv	uv	1	758602	761313	0.027044240279913	3322
bv	uv	1	761313	764048	0.0248297731124482	3333
bv	uv	1	764048	766788	0.0240495921621538	3330
bv	uv	1	766788	769489	0.0211933459547548	3348
bv	uv	1	769489	772196	0.023059329546809	3276
bv	uv	1	772196	774885	0.0234964503342449	3298
bv	uv	1	774885	777538	0.0240843441345748	3355
bv	uv	1	777538	780256	0.022167911891146	3372
bv	uv	1	780256	782969	0.0217814984439064	3322
bv	uv	1	782969	785724	0.0271964772879738	3335
bv	uv	1	785724	788476	0.0239261144862679	3305
bv	uv	1	788476	791184	0.0252065154245974	3357
bv	uv	1	791184	793908	0.0232853227731213	3355
bv	uv	1	793908	796625	0.0247442363240152	3283
bv	uv	1	796625	799290	0.0248285957130307	3294
bv	uv	1	799290	801947	0.020091174365584	3312
bv	uv	1	801947	804682	0.0222693026736962	3331
bv	uv	1	804682	807403	0.0253850283860766	3259
bv	uv	1	807403	810046	0.0221298111516275	3367
bv	uv	1	810046	812730	0.0250737302755979	3344
bv	uv	1	812730	815387	0.0219476459022406	3328
bv	uv	1	815387	818005	0.0253552716787845	3357
bv	uv	1	818005	820713	0.0246062627242479	3336
bv	uv	1	820713	823420	0.0278133473209302	3380
bv	uv	1	823420	826062	0.0221395536513207	3241
bv	uv	1	826062	828783	0.0274492946029518	3346
bv	uv	1	828783	831537	0.0225290942255786	3266
bv	uv	1	831537	834198	0.0254982677034697	3456
bv	uv	1	834198	836811	0.0295532658960985	3315
bv	uv	1	836811	839431	0.0344127202639122	3423
bv	uv	1	839431	842117	0.0321240729737461	3325
bv	uv	1	842117	844819	0.0300835230461401	3313
bv	uv	1	844819	847521	0.028722395835027	3247
bv	uv	1	847521	850225	0.0259835504933771	3270
bv	uv	1	850225	852875	0.0278572878442367	3231
bv	uv	1	852875	855620	0.024134835807482	3272
bv	uv	1	855620	858358	0.0288555602899508	3311
bv	uv	1	858358	861063	0.030932785594489	3297
bv	uv	1	861063	863779	0.0303389773254157	3340
bv	uv	1	863779	866478	0.0312050790608528	3272
bv	uv	1	866478	869133	0.0325069345404512	3361
bv	uv	1	869133	871829	0.0286920120708643	3320
bv	uv	1	871829	874469	0.0267300787605993	3303
bv	uv	1	874469	877197	0.0288759324465517	3338
bv	uv	1	877197	879873	0.0292749947157049	3267
bv	uv	1	879873	882546	0.0300494551289898	3323
bv	uv	1	882546	885183	0.0236490145115876	3353
bv	uv	1	885183	887874	0.0195593551767417	3292
bv	uv	1	887874	890589	0.0218923826953618	3328
bv	uv	1	890589	893279	0.0244646667824115	3203
bv	uv	1	893279	895989	0.0255084794782527	3330
bv	uv	1	895989	898648	0.0274909622146288	3312
bv	uv	1	898648	901295	0.0293289172095915	3393
bv	uv	1	901295	904002	0.0283455657492354	3335
bv	uv	1	904002	906669	0.0254180030482196	3297
bv	uv	1	906669	909371	0.0232597019733064	3363
bv	uv	1	909371	912036	0.0239245240629591	3372
bv	uv	1	912036	914686	0.0241795140470999	3343
bv	uv	1	914686	917335	0.0231992133236697	3364
bv	uv	1	917335	920007	0.0249028191730524	3342
bv	uv	1	920007	922700	0.0256816535529482	3349
bv	uv	1	922700	925377	0.0272825952115122	3386
bv	uv	1	925377	928040	0.0255491490960663	3286
bv	uv	1	928040	930679	0.0254882281291398	3377
bv	uv	1	930679	933324	0.0197099599341588	3307
bv	uv	1	933324	936013	0.0229561977311829	3344
bv	uv	1	936013	938694	0.0264500200432594	3301
bv	uv	1	938694	941373	0.0281660229603903	3355
bv	uv	1	941373	944058	0.0268666348051844	3319
bv	uv	1	944058	946786	0.0232345349997567	3315
bv	uv	1	946786	949492	0.0270855232929377	3374
bv	uv	1	949492	952149	0.025300481021864	3315
bv	uv	1	952149	954874	0.0246429786572364	3308
bv	uv	1	954874	957603	0.0255726529911969	3308
bv	uv	1	957603	960365	0.0276871648430508	3215
bv	uv	1	960365	963045	0.028222213331243	3272
bv	uv	1	963045	965730	0.025975894930685	3214
bv	uv	1	965730	968440	0.0218215696308834	3336
bv	uv	1	968440	971110	0.0237003615962121	3263
bv	uv	1	971110	973733	0.0249428938666561	3319
bv	uv	1	973733	976452	0.0270216977123724	3315
bv	uv	1	976452	979113	0.0249465905942826	3309
bv	uv	1	979113	981821	0.028739981045718	3359
bv	uv	1	981821	984449	0.0275728884881274	3386
bv	uv	1	984449	987135	0.0264845372610076	3322
bv	uv	1	987135	989791	0.0179852105987478	3342
bv	uv	1	989791	992469	0.0218873962174284	3379
bv	uv	1	992469	995133	0.0182863094440058	3354
bv	uv	1	995133	997787	0.0219622269589593	3230
bv	uv	1	997787	1000535	0.0224189531738055	3383
bv	uv	1	1000535	1003209	0.03510308853789	3408
bv	uv	1	1003209	1005869	0.0343037106127663	3283
bv	uv	1	1005869	1008617	0.0350476685515592	3385
bv	uv	1	1008617	1011378	0.031412109041438	3307
bv	uv	1	1011378	1014068	0.0332233057747426	3319
bv	uv	1	1014068	1016756	0.0306890560222915	3241
bv	uv	1	1016756	1019425	0.0340586862531221	3359
bv	uv	1	1019425	1022111	0.0373257407591231	3368
bv	uv	1	1022111	1024879	0.0295173891946453	3361
bv	uv	1	1024879	1027580	0.0294507123921888	3352
bv	uv	1	1027580	1030280	0.0341617636034677	3370
bv	uv	1	1030280	1032961	0.0268272702685792	3341
bv	uv	1	1032961	1035638	0.0306185423166089	3291
bv	uv	1	1035638	1038314	0.0320360737062312	3335
bv	uv	1	1038314	1041041	0.0345217442217971	3307
bv	uv	1	1041041	1043719	0.0281331792302641	3337
bv	uv	1	1043719	1046443	0.0273399454724003	3307
bv	uv	1	1046443	1049153	0.0336962515167142	3269
bv	uv	1	1049153	1051749	0.0375830764663205	3284
bv	uv	1	1051749	1054445	0.0356833185387023	3395
bv	uv	1	1054445	1057066	0.0306324595865334	3287
bv	uv	1	1057066	1059787	0.0279314462169801	3278
bv	uv	1	1059787	1062449	0.0369497144533119	3346
bv	uv	1	1062449	1065150	0.0342550034165	3254
bv	uv	1	1065150	1067783	0.0301779958368616	3318
bv	uv	1	1067783	1070475	0.03144498219639	3329
bv	uv	1	1070475	1073161	0.0320632194839047	3300
bv	uv	1	1073161	1075819	0.0303364213008172	3322
bv	uv	1	1075819	1078498	0.0328178301622586	3329
bv	uv	1	1078498	1081197	0.0338431035222613	3446
bv	uv	1	1081197	1083930	0.0328350172887376	3373
bv	uv	1	1083930	1086621	0.033864153875781	3399
bv	uv	1	1086621	1089272	0.0338660642649901	3286
bv	uv	1	1089272	1091968	0.0363571352485004	3336
bv	uv	1	1091968	1094711	0.0343349507223541	3354
bv	uv	1	1094711	1097391	0.0376730789436417	3337
bv	uv	1	1097391	1100034	0.0319915524021346	3342
bv	uv	1	1100034	1102719	0.0328759163463235	3348
bv	uv	1	1102719	1105442	0.0345480524851038	3313
bv	uv	1	1105442	1108088	0.0335547708819598	3264
bv	uv	1	1108088	1110853	0.0322209777899979	3336
bv	uv	1	1110853	1113569	0.0398500093161915	3367
bv	uv	1	1113569	1116244	0.0446118615553536	3340
bv	uv	1	1116244	1118901	0.0336066737185657	3300
bv	uv	1	1118901	1121608	0.0327841065842143	3299
bv	uv	1	1121608	1124285	0.0381727093975599	3354
bv	uv	1	1124285	1126972	0.0356383742865561	3336
bv	uv	1	1126972	1129731	0.0350177765204467	3342
bv	uv	1	1129731	1132425	0.0363736411053835	3344
bv	uv	1	1132425	1135113	0.03218865064218	3378
bv	uv	1	1135113	1137756	0.0344465338016989	3330
bv	uv	1	1137756	1140411	0.0323616973213902	3361
bv	uv	1	1140411	1143095	0.0288493009324644	3336
bv	uv	1	1143095	1145818	0.0326619245982948	3427
bv	uv	1	1145818	1148512	0.0385292980367385	3362
bv	uv	1	1148512	1151230	0.0361961821535357	3289
bv	uv	1	1151230	1153930	0.0346428206861909	3323
bv	uv	1	1153930	1156617	0.0334872931461002	3272
bv	uv	1	1156617	1159283	0.0346533110989802	3337
bv	uv	1	1159283	1161986	0.0407614240926999	3346
bv	uv	1	1161986	1164709	0.0395739234243658	3217
bv	uv	1	1164709	1167467	0.0387560096769894	3247
bv	uv	1	1167467	1170122	0.0393303966544816	3234
bv	uv	1	1170122	1172824	0.031252854293299	3304
bv	uv	1	1172824	1175525	0.0321515224533837	3219
bv	uv	1	1175525	1178200	0.0325364107187366	3292
bv	uv	1	1178200	1180883	0.0351727390681674	3280
bv	uv	1	1180883	1183613	0.0327379836450688	3249
bv	uv	1	1183613	1186309	0.0387078800312475	3264
bv	uv	1	1186309	1188984	0.0386687875913418	3270
bv	uv	1	1188984	1191640	0.0391287786735152	3316
bv	uv	1	1191640	1194383	0.0371241063587488	3264
bv	uv	1	1194383	1197079	0.0375385252709754	3276
bv	uv	1	1197079	1199754	0.0328321439413091	3336
bv	uv	1	1199754	1202485	0.0381991755720532	3314
bv	uv	1	1202485	1205197	0.033973090340696	3309
bv	uv	1	1205197	1207895	0.0360281654106268	3283
bv	uv	1	1207895	1210641	0.037403421698584	3208
bv	uv	1	1210641	1213354	0.0345228463764313	3284
bv	uv	1	1213354	1216044	0.0391368497731361	3308
bv	uv	1	1216044	1218747	0.0423487170498506	3301
bv	uv	1	1218747	1221461	0.0361133207333479	3282
bv	uv	1	1221461	1224198	0.0355839920603506	3348
bv	uv	1	1224198	1226948	0.0373548441269879	3310
bv	uv	1	1226948	1229658	0.0382288338208609	3288
bv	uv	1	1229658	1232381	0.0375717067178904	3350
bv	uv	1	1232381	1235032	0.0386634683046971	3397
bv	uv	1	1235032	1237750	0.0368357849073944	3314
bv	uv	1	1237750	1240470	0.0400419402496713	3367
bv	uv	1	1240470	1243181	0.0390276509187707	3374
bv	uv	1	1243181	1245849	0.0401762693531549	3414
bv	uv	1	1245849	1248570	0.0353613572145094	3302
bv	uv	1	1248570	1251186	0.0344366553679392	3264
bv	uv	1	1251186	1253935	0.0353558842802213	3290
bv	uv	1	1253935	1256655	0.0315363535718386	3264
bv	uv	1	1256655	1259360	0.032911062139149	3322
bv	uv	1	1259360	1262085	0.0355356164047352	3180
bv	uv	1	1262085	1264827	0.0326549963080201	3306
bv	uv	1	1264827	1267606	0.0317866765232372	3233
bv	uv	1	1267606	1270318	0.0328665061231972	3283
bv	uv	1	1270318	1272981	0.0358316277748612	3270
bv	uv	1	1272981	1275729	0.0345821928309279	3361
bv	uv	1	1275729	1278374	0.0343792745893737	3312
bv	uv	1	1278374	1281066	0.0337635752530929	3257
bv	uv	1	1281066	1283783	0.0326599344208729	3329
bv	uv	1	1283783	1286485	0.028548217833982	3231
bv	uv	1	1286485	1289195	0.0323310674985101	3254
bv	uv	1	1289195	1291861	0.0298961956079234	3365
bv	uv	1	1291861	1294567	0.0327872860698789	3269
bv	uv	1	1294567	1297294	0.0327185791359869	3393
bv	uv	1	1297294	1300023	0.0305079255763321	3310
bv	uv	1	1300023	1302725	0.0316152754125567	3288
bv	uv	1	1302725	1305455	0.0306118647838635	3277
bv	uv	1	1305455	1308142	0.0309527520691862	3330
bv	uv	1	1308142	1310905	0.0301076796868439	3252
bv	uv	1	1310905	1313587	0.030093913060657	3323
bv	uv	1	1313587	1316315	0.0306869893103991	3346
bv	uv	1	1316315	1319058	0.0363992246192676	3256
bv	uv	1	1319058	1321763	0.0362667429950263	3291
bv	uv	1	1321763	1324399	0.0386171049088334	3363
bv	uv	1	1324399	1327080	0.0350582725160546	3425
bv	uv	1	1327080	1329776	0.0337410047884645	3375
bv	uv	1	1329776	1332508	0.0388039540738011	3332
bv	uv	1	1332508	1335194	0.0361128453254253	3261
bv	uv	1	1335194	1337922	0.0361045911572779	3351
bv	uv	1	1337922	1340666	0.0338713788829964	3411
bv	uv	1	1340666	1343364	0.030878316863482	3255
bv	uv	1	1343364	1346103	0.0368943788874328	3278
bv	uv	1	1346103	1348774	0.0377090815762581	3273
bv	uv	1	1348774	1351484	0.0361750012938104	3308
bv	uv	1	1351484	1354216	0.0414402308408069	3333
bv	uv	1	1354216	1356901	0.0499647485023656	3300
bv	uv	1	1356901	1359586	0.0448729915965984	3367
bv	uv	1	1359586	1362297	0.0419313925280473	3349
bv	uv	1	1362297	1364968	0.0331285195241485	3296
bv	uv	1	1364968	1367642	0.0383228375811351	3276
bv	uv	1	1367642	1370346	0.0412498104911106	3346
bv	uv	1	1370346	1373024	0.0351506892053756	3348
bv	uv	1	1373024	1375735	0.0332253384165036	3310
bv	uv	1	1375735	1378471	0.0354720530719342	3313
bv	uv	1	1378471	1381179	0.0358985719027427	3253
bv	uv	1	1381179	1383922	0.0356982657239939	3276
bv	uv	1	1383922	1386637	0.0366981104851891	3254
bv	uv	1	1386637	1389381	0.0343472229259656	3299
bv	uv	1	1389381	1392115	0.0341620378734292	3236
bv	uv	1	1392115	1394818	0.0343582401634716	3319
bv	uv	1	1394818	1397516	0.0344039510911931	3267
bv	uv	1	1397516	1400243	0.0305792446785646	3288
bv	uv	1	1400243	1402865	0.0307384729512701	3317
bv	uv	1	1402865	1405582	0.0291550588131246	3264
bv	uv	1	1405582	1408294	0.0323754976442699	3344
bv	uv	1	1408294	1411035	0.0326223031106929	3259
bv	uv	1	1411035	1413700	0.0379613550008825	3372
bv	uv	1	1413700	1416408	0.0400653629369712	3299
bv	uv	1	1416408	1419133	0.0337897421485748	3333
bv	uv	1	1419133	1421822	0.0348869929618186	3390
bv	uv	1	1421822	1424521	0.0386749993809276	3319
bv	uv	1	1424521	1427159	0.0391729280018424	3434
bv	uv	1	1427159	1429865	0.0376372308420796	3278
bv	uv	1	1429865	1432558	0.0332768738433814	3408
bv	uv	1	1432558	1435260	0.0366199455266001	3247
bv	uv	1	1435260	1437906	0.0465433388790415	3230
bv	uv	1	1437906	1440638	0.0416501629945402	3297
bv	uv	1	1440638	1443381	0.0403076407924472	3304
bv	uv	1	1443381	1446086	0.0390565965986594	3355
bv	uv	1	1446086	1448803	0.0338219707144257	3390
bv	uv	1	1448803	1451473	0.0347073399815536	3345
bv	uv	1	1451473	1454148	0.0326207459352853	3273
bv	uv	1	1454148	1456800	0.0304321773107102	3251
bv	uv	1	1456800	1459498	0.0350943307613877	3368
bv	uv	1	1459498	1462169	0.0350727976206089	3235
bv	uv	1	1462169	1464816	0.0334844953493956	3331
bv	uv	1	1464816	1467546	0.0342990034759084	3295
bv	uv	1	1467546	1470258	0.0356803761728139	3268
bv	uv	1	1470258	1472957	0.0348799002496403	3243
bv	uv	1	1472957	1475645	0.0338720581319265	3271
bv	uv	1	1475645	1478305	0.039442466238041	3339
bv	uv	1	1478305	1480991	0.0383867657476916	3355
bv	uv	1	1480991	1483728	0.0301793931456681	3271
bv	uv	1	1483728	1486418	0.0297601149374149	3316
bv	uv	1	1486418	1489093	0.0315331647770117	3347
bv	uv	1	1489093	1491787	0.0317357903132914	3349
bv	uv	1	1491787	1494426	0.0320186867497299	3377
bv	uv	1	1494426	1497097	0.0357237741974567	3398
bv	uv	1	1497097	1499813	0.0346210342669487	3357
bv	uv	1	1499813	1500000	0.0198328158405669	214
